2.18E-33 4.16E-33 2.18E-32 7.89E-17 1.29 
2.96E-33 3.69E-33 2.2E-32 7.94E-17 1.3 
0.849 0.53 2.9E-17 3.01E-18 8.48E-18 
0.67 0.742 2.9E-17 3.01E-18 8.47E-18 
0.666 0.746 2.9E-17 3.01E-18 8.47E-18 
5.7E-32 1.09E-31 9.56E-31 7.85E-17 1.28 
0.598 0.802 2.9E-17 3.01E-18 8.47E-18 
0.584 0.812 2.9E-17 3.01E-18 8.47E-18 
0.727 0.687 2.9E-17 3.01E-18 8.47E-18 
0.559 0.829 2.9E-17 3.01E-18 8.47E-18 
0.621 0.783 2.9E-17 3.01E-18 8.47E-18 
0.358 0.934 2.9E-17 3.01E-18 8.47E-18 
0.533 0.846 2.9E-17 3.01E-18 8.47E-18 
