2.37E-49 0.0 3.87E-33 6.32E-17 1.03 
2.84E-33 0.0 4.65E-17 0.759 0.652 
3.65E-33 0.0 5.96E-17 0.973 0.248 
3.23E-33 0.0 5.28E-17 0.862 0.515 
3.32E-33 0.0 5.42E-17 0.885 0.495 
3.39E-33 0.0 5.53E-17 0.904 0.43 
3.48E-33 0.0 5.68E-17 0.927 0.377 
3.37E-33 0.0 5.51E-17 0.9 0.437 
3.6E-33 0.0 5.89E-17 0.961 0.276 
3.58E-33 0.0 5.85E-17 0.956 0.309 
3.47E-33 0.0 5.67E-17 0.925 0.38 
3.41E-33 0.0 5.57E-17 0.91 0.424 
3.55E-33 0.0 5.8E-17 0.947 0.324 
3.51E-33 0.0 5.73E-17 0.936 0.352 
3.45E-33 0.0 5.63E-17 0.919 0.398 
3.45E-33 0.0 5.63E-17 0.92 0.396 
