2.11E-49 3.44E-33 5.62E-17 0.918 0.405 
1.76E-49 2.87E-33 4.69E-17 0.766 0.654 
1.92E-49 3.13E-33 5.12E-17 0.836 0.555 
1.91E-49 3.13E-33 5.11E-17 0.834 0.559 
1.8E-49 2.94E-33 4.8E-17 0.783 0.631 
1.41E-65 2.3E-49 3.75E-33 6.13E-17 1.0 
1.83E-49 2.99E-33 4.88E-17 0.797 0.608 
2.01E-49 3.28E-33 5.36E-17 0.876 0.489 
2.3E-49 5.39E-65 3.75E-33 6.13E-17 1.0 
1.73E-49 2.82E-33 4.6E-17 0.752 0.674 
2.1E-49 3.43E-33 5.61E-17 0.916 0.434 
2.17E-49 3.54E-33 5.78E-17 0.945 0.329 
2.07E-49 3.38E-33 5.51E-17 0.901 0.442 
2.21E-49 3.62E-33 5.91E-17 0.965 0.27 
