0.1979388905429378
0.10724779220569705
0.533220495036293
0.27536231884057955
0.2753623188405796
0.09090909090818197
0.2753623188405796
0.2753623188405796
0.27536231884057955
0.09090909090909093
0.4285714285714286
0.16980527009222662
0.2753623188405796
0.09090909090875166
0.2626685705950649
0.2753623188405796
0.27536231884057955
0.5131150839404497
0.1542986253346845
0.5465919206079658
0.4285714285714286
0.1797209523809524
0.27536231884057955
0.15219841131411538
0.2753623188405796
0.4285714285714286
0.27536231884057955
0.4285714285714286
0.27536231884057955
0.2753623188405796
