0.06702237405105019
0.08735548029442247
0.1925569281446402
0.0873554802944225
0.19241432885338794
0.08735548029442247
0.06702237405105019
0.09421631900997715
0.08129212572347123
0.08735548029442247
0.06702237405105019
0.19255692814464026
0.19255692814464015
0.19255692814464026
0.06702237405105019
0.8873994824381337
0.1106747810007851
0.08735548029442247
0.1925569281446402
0.19684873035329922
0.08735548029442249
0.1925569281446402
0.0873554802944225
0.08735548029442247
0.1377887016640682
0.0873554802944225
0.06702237405105019
0.19255692814464018
0.19255692814464018
0.19865472290577815
