0.09090909090909093
0.2753623188405796
0.42857142857142855
0.27536231884057955
0.48051948051948057
0.27536231884057955
0.09090909090909091
0.04761904761904767
0.1341991341804879
0.2753623188405796
0.09090909090909093
0.42857142857142855
0.4285714285714286
0.42857142857142855
0.09090909090909093
0.6764808132794424
0.1056344677371685
0.27536231884057955
0.4285714285714286
0.3352735333413247
0.2753623188405796
0.4285714285714286
0.27536231884057955
0.27536231884057955
0.19247790090724404
0.27536231884057955
0.09090909090909093
0.4285714285714286
0.4285714285714286
0.1590944219173871
