1.0894467532065477
2.2317810297247798
1.192113993915105
1.164382614338737
1.164382614338737
2.279653773323445
1.164382614338737
1.164382614338737
1.164382614338737
2.279653773323445
1.0029858966249905
1.9992562751026905
1.164382614338737
2.279653773323445
1.2134599932329588
1.164382614338737
1.164382614338737
1.2068991520646744
1.0894258237382586
1.0320189990312023
1.0029858966249905
0.9957541809938655
1.164382614338737
1.6348690245808577
1.164382614338737
1.0029858966249905
1.164382614338737
1.0029858966249905
1.164382614338737
1.164382614338737
