0.27536231884057955
0.13232254927105003
0.6999609756097561
0.216259025017866
0.09090909090909093
0.42857142857142855
0.27536231884057955
0.4285714285714286
0.42857142857142855
0.27536231884057955
0.11729701649158668
0.27536231884057955
0.04761904761904767
0.3282170022215809
0.21939670521112492
0.2753623188405796
0.2753623188405796
0.04761904761904767
0.42857142857142855
0.09090909090909093
0.27536231884057955
0.09090909090909093
0.09090909090909093
0.4285714285714286
0.09090909090909093
0.42259245212543556
0.09090909090909093
0.28965258348548056
0.27536231884057955
0.27536231884057955
