0.06702237405105019
0.06702237405105017
0.06702237405105019
0.9551361000754893
0.08735548029442247
0.06702237405105019
0.3050140501411744
0.08735548029442247
0.24926842707414207
0.06702237405105019
0.19255692814464026
0.3107303447916569
0.08735548029442247
0.08735548029442247
0.9800998040037283
0.21881903415563583
0.06702237405105019
0.06702237405105019
0.15446311160446247
0.6764108299220282
0.06702237405105019
0.2643611628587576
0.17398934606014885
0.06702237405105019
0.06702237405105019
0.47646188462474637
0.19255692814464015
0.0873554802944225
0.17573495770726538
0.08735548029442251
