0.9090909090909091
0.9090909090909091
0.9090909090909091
0.49756097560975615
0.7246376811594204
0.9090909090909091
0.7512195121951221
0.7246376811594204
0.4451428571428572
0.9090909090909091
0.5714285714285714
0.7414634146341464
0.7246376811594204
0.7246376811594204
0.48780487804878053
0.853658536585366
0.9090909090909091
0.9090909090909091
0.9476693172195123
0.48906643285714285
0.9090909090909091
0.7951219512195122
0.6195121951219513
0.9090909090909091
0.9090909090909091
0.6341463414634148
0.5714285714285714
0.7246376811594204
0.5771428571428572
0.7246376811594204
