0.7246376811594204
0.8487804878048781
0.42792357571428574
0.6857142857142857
0.9090909090909091
0.5714285714285714
0.7246376811594204
0.5714285714285714
0.5714285714285714
0.7246376811594204
0.9260630264390244
0.7246376811594204
0.9523809523809523
0.6926829268292684
0.8195121951219513
0.7246376811594204
0.7246376811594204
0.9516805468571428
0.5714285714285714
0.9090909090909091
0.7246376811594204
0.9090909090909091
0.9090909090909091
0.5714285714285714
0.9090909090909091
0.6057142857142858
0.9090909090909091
0.7414634146341464
0.7246376811594204
0.7246376811594204
