0.08735548029881755
0.16294685320349067
0.9316747602667893
0.2232106620386353
0.06702237405765911
0.19255692811843803
0.08735548029881755
0.19255692811843803
0.19255692811851638
0.08735548029881757
0.17083791782239705
0.08735548029881757
0.08135526883649713
0.3728071361083781
0.24444388096378375
0.0873554802988176
0.08735548029881755
0.12729010402557503
0.19255692811843803
0.0670223740576591
0.08735548029881755
0.06702237405765911
0.0670223740576591
0.19255692811843803
0.0670223740576591
0.22237048372032417
0.06702237405765911
0.31450660621476645
0.08735548029881757
0.08735548029881755
