1.0440199167044746
1.0131620113980633
1.000193717619248
1.0131620113980633
1.000193717619248
1.0131620113980633
1.0440199167044746
1.0179505062455374
1.0179505062455374
1.0131620113980633
1.0440199167044746
1.000193717619248
1.000193717619248
1.000193717619248
1.0440199167044746
0.7142996345
1.0179505062455374
1.0131620113980633
1.000193717619248
1.0179505062455374
1.0131620113980633
1.000193717619248
1.0131620113980633
1.0131620113980633
0.9584292042
1.0131620113980633
1.0440199167044746
1.000193717619248
1.000193717619248
1.0179505062455374
