0.11002902733726454
0.09463602556219056
0.01480863761521616
0.09797063638205944
0.22298669033622376
0.08511833261033352
0.11002902733726454
0.08511833261033352
0.08511833261033352
0.11002902733726454
0.09709221484646954
0.11002902733726454
0.10542904840336711
0.05516657433308627
0.07812862201163254
0.11002902733726454
0.11002902733726454
0.10542904840336711
0.08511833261033352
0.22298669033622376
0.11002902733726454
0.22298669033622376
0.22298669033622376
0.08511833261033352
0.22298669033622376
0.08950771942589024
0.22298669033622376
0.06412771091596978
0.11002902733726454
0.11002902733726454
