0.959055499428866
0.959055499428866
0.959055499428866
0.4201570813938839
0.7816772241165092
0.959055499428866
0.5690689548650637
0.7816772241165092
0.44931083228005525
0.959055499428866
0.6299717337453401
0.5496804755186501
0.7816772241165092
0.7816772241165092
0.4180157572432317
0.6394298496943639
0.959055499428866
0.959055499428866
0.7100170307490334
0.3591239222360163
0.959055499428866
0.5972723572481882
0.5765570745901363
0.959055499428866
0.959055499428866
0.4958468245519146
0.6299717337453401
0.7816772241165092
0.5750765695693828
0.7816772241165092
