0.09090909090909093
0.09090909090909093
0.09090909090909091
0.6394485683987274
0.27536231884057955
0.09090909090909093
0.28413342456936314
0.27536231884057955
0.3453470768541425
0.09090909090909093
0.42857142857142855
0.2821528245428578
0.27536231884057955
0.27536231884057955
0.6465182043124779
0.18699146374630862
0.09090909090909093
0.09090909090909093
0.0892686994879586
0.7027183275226897
0.09090909090909093
0.24146121680549731
0.16652276651256484
0.09090909090909093
0.09090909090909093
0.3948105179872414
0.4285714285714286
0.27536231884057955
0.18909771330699238
0.27536231884057955
