0.15214120401308967
0.06922581035138221
0.1322942519108012
0.24673632350271174
0.06501565236042545
0.04672940429733201
0.15214120401308967
0.24673632350271174
0.24673632350271174
0.15214120401308967
0.24673632350271174
0.06216539768322023
0.15214120401308967
0.24673632350271174
0.24673632350271174
0.1322942519108012
0.24673632350271174
0.1322942519108012
0.24673632350271174
0.10408467504719407
0.06573328300735487
0.046509444877968986
0.03349728835749832
0.13021684383884785
0.15214120401308967
0.15214120401308967
0.24673632350271174
0.15214120401308967
0.1322942519108012
0.15214120401308967
