0.07683931825999207
0.07683931825999202
0.07683931825999207
0.5198739997212231
0.13034040575032882
0.07683931825999207
0.2770034311662784
0.13034040575032882
0.26616178278525027
0.07683931825999207
0.23213995938913135
0.28988742991205835
0.13034040575032882
0.13034040575032882
0.5226819771381324
0.19371958081763
0.07683931825999207
0.07683931825999207
0.12848598512185472
0.5036076488578117
0.07683931825999205
0.23948241878711946
0.1598185715673593
0.07683931825999207
0.07683931825999207
0.39603861980686134
0.23213995938913135
0.13034040575032882
0.2384517140421642
0.13034040575032876
