0.013342852283693526
0.01257970083582155
0.011274993480233008
0.01257970083582155
0.01099736063649716
0.01257970083582155
0.013342852283693526
0.012545065152377922
0.012853486394907724
0.01257970083582155
0.013342852283693526
0.011274993480233008
0.011274993480233008
0.011274993480233008
0.013342852283693526
0.005155772488243293
0.011058613189710674
0.01257970083582155
0.011274993480233008
0.011665925842329457
0.01257970083582155
0.011274993480233008
0.01257970083582155
0.01257970083582155
0.00832078603467183
0.01257970083582155
0.013342852283693526
0.011274993480233008
0.011274993480233008
0.010996531032780402
