0.006659843935295143
2.0953044326075292E-14
3.8660800771525894E-7
0.0
6.029749035937798E-21
7.790834458099649E-20
3.0148745178838677E-21
3.014874518295785E-21
0.0
0.0
7.334852772270096E-21
6.57819746374504E-14
0.0
0.0
3.178521320602254E-5
9.044623553449561E-21
3.3163619696169854E-20
7.880015325919659E-11
1.3860961493081339E-11
1.2394987592795884E-11
0.0
4.916373734368568E-12
0.0
4.450724891963954E-12
0.0
0.0
6.0297490366692264E-21
1.466970554474806E-20
0.0
3.0148745179611825E-21
