0.008080403376254163
0.008318178453540501
0.002414435313259321
0.007565842710374387
0.009081786152682616
0.006793492527390344
0.008080403376254163
0.006793492527390344
0.006793492527390344
0.008080403376254163
0.008673915704313775
0.008080403376254163
0.008843485238051936
0.006461246050065058
0.007858984913924399
0.008080403376254163
0.008080403376254163
0.008851527854353596
0.006793492527390344
0.009081786152682616
0.008080403376254163
0.009081786152682616
0.009081786152682616
0.006793492527390344
0.009081786152682616
0.006784656487982021
0.009081786152682616
0.007039374503103241
0.008080403376254163
0.008080403376254163
