0.06905279158374888
0.08873370815897484
0.01746919104513883
0.068474537690745
0.068474537690745
0.08892364028511777
0.068474537690745
0.068474537690745
0.068474537690745
0.08892364028511777
0.048494093901819225
0.08449850968341209
0.068474537690745
0.08892364028511777
0.043869933041780274
0.068474537690745
0.068474537690745
0.021107702954890704
0.04479249552391655
0.012592234695741352
0.048494093901819225
0.0893642531247119
0.068474537690745
0.08182975357527622
0.068474537690745
0.048494093901819225
0.068474537690745
0.048494093901819225
0.068474537690745
0.068474537690745
