0.15214120402494727
0.10202720300241014
0.033060732429592794
0.11873059775820935
0.24673632360362338
0.13229425187929644
0.15214120402494727
0.13229425187929644
0.13229425187925123
0.15214120402494727
0.10700349864377431
0.15214120402494727
0.14897930512537555
0.06722226895545205
0.08880622876346166
0.15214120402494727
0.15214120402494727
0.11920976050528002
0.13229425187929644
0.24673632360362338
0.15214120402494727
0.24673632360362338
0.24673632360362338
0.13229425187929644
0.24673632360362338
0.12720269300715803
0.24673632360362338
0.07543577436767437
0.15214120402494727
0.15214120402494727
