0.08892364028511777
0.08892364028511777
0.08892364028511777
0.011715237444053946
0.068474537690745
0.08892364028511777
0.031781952381036684
0.068474537690745
0.03733792259279387
0.08892364028511777
0.048494093901819225
0.03092404271547007
0.068474537690745
0.068474537690745
0.01132348909956588
0.041513263931113445
0.08892364028511777
0.08892364028511777
0.0513275072255318
0.00946886079616882
0.08892364028511777
0.03592861386044704
0.051142869919789086
0.08892364028511777
0.08892364028511777
0.02107977753840408
0.048494093901819225
0.068474537690745
0.06620865937978268
0.068474537690745
