2.17E-17 2.16E-17 3.06E-17 4.33E-17 1.0 
0.331 0.344 0.496 0.662 0.373 
2.25E-17 2.18E-17 3.02E-17 4.5E-17 1.02 
0.284 0.285 0.403 0.569 0.595 
0.326 0.329 0.468 0.652 0.394 
0.319 0.32 0.453 0.638 0.433 
2.28E-17 2.18E-17 3.01E-17 4.57E-17 1.03 
0.328 0.33 0.469 0.656 0.376 
0.321 0.324 0.46 0.642 0.423 
0.161 0.161 0.228 0.322 0.891 
0.297 0.3 0.426 0.595 0.546 
0.27 0.27 0.383 0.539 0.648 
0.334 0.336 0.477 0.669 0.328 
0.351 0.364 0.525 0.703 0.147 
0.318 0.321 0.455 0.637 0.438 
0.338 0.339 0.48 0.676 0.294 
0.346 0.359 0.518 0.692 0.233 
0.299 0.305 0.435 0.597 0.545 
0.156 0.156 0.221 0.312 0.898 
