0.321 0.335 0.445 0.671 0.438 
0.321 0.343 0.441 0.687 0.448 
0.322 0.347 0.438 0.696 0.451 
2.22E-17 2.19E-17 3.04E-17 4.53E-17 1.03 
0.309 0.316 0.433 0.631 0.495 
0.322 0.346 0.439 0.694 0.45 
0.309 0.317 0.432 0.635 0.497 
0.321 0.331 0.446 0.663 0.438 
0.251 0.265 0.345 0.53 0.735 
0.321 0.335 0.444 0.671 0.441 
0.344 0.352 0.48 0.704 0.25 
2.19E-17 2.18E-17 3.05E-17 4.42E-17 1.01 
0.351 0.366 0.485 0.734 0.167 
0.31 0.316 0.435 0.632 0.487 
0.351 0.368 0.484 0.737 0.167 
0.348 0.358 0.486 0.717 0.191 
2.17E-17 2.17E-17 3.06E-17 4.33E-17 1.0 
0.349 0.354 0.489 0.709 0.18 
0.348 0.363 0.481 0.727 0.211 
0.347 0.355 0.485 0.709 0.208 
0.344 0.359 0.477 0.718 0.253 
0.343 0.349 0.481 0.699 0.249 
0.343 0.347 0.482 0.695 0.248 
0.349 0.363 0.484 0.726 0.193 
0.321 0.333 0.445 0.666 0.44 
0.321 0.337 0.443 0.675 0.443 
