0.363 0.346 0.527 0.693 0.235 
0.279 0.277 0.395 0.554 0.624 
0.369 0.342 0.542 0.687 0.288 
0.272 0.271 0.385 0.543 0.642 
0.263 0.26 0.373 0.521 0.681 
0.256 0.255 0.362 0.51 0.693 
0.167 0.161 0.242 0.322 0.915 
0.385 0.351 0.571 0.705 0.186 
2.36E-18 1.03E-17 4.65E-17 2.09E-16 3.5 
0.312 0.309 0.443 0.618 0.489 
0.286 0.284 0.405 0.568 0.598 
0.257 0.252 0.367 0.505 0.711 
0.287 0.286 0.407 0.572 0.589 
0.362 0.353 0.519 0.705 0.111 
0.3 0.298 0.426 0.597 0.539 
0.296 0.295 0.419 0.591 0.55 
