3.24E-18 1.19E-17 4.59E-17 1.77E-16 3.0 
3.08E-18 1.16E-17 4.6E-17 1.82E-16 3.07 
2.99E-18 1.15E-17 4.61E-17 1.85E-16 3.12 
3.15E-18 1.17E-17 4.6E-17 1.81E-16 3.05 
0.359 0.345 0.479 0.664 0.367 
0.34 0.335 0.47 0.659 0.372 
0.159 0.147 0.201 0.274 0.972 
0.373 0.353 0.485 0.668 0.363 
0.356 0.349 0.489 0.685 0.264 
0.26 0.26 0.368 0.52 0.678 
3.16E-18 1.17E-17 4.6E-17 1.8E-16 3.05 
3.09E-18 1.15E-17 4.61E-17 1.84E-16 3.1 
0.398 0.373 0.512 0.701 0.189 
0.345 0.337 0.471 0.658 0.379 
0.336 0.328 0.458 0.64 0.438 
0.347 0.341 0.478 0.67 0.332 
0.346 0.338 0.473 0.661 0.369 
0.328 0.325 0.458 0.645 0.414 
0.294 0.294 0.415 0.587 0.558 
