2.17E-17 2.16E-17 3.06E-17 4.33E-17 1.0 
0.316 0.315 0.437 0.638 0.48 
0.31 0.308 0.423 0.628 0.527 
0.349 0.361 0.477 0.728 0.238 
0.352 0.357 0.492 0.716 0.139 
0.326 0.325 0.428 0.676 0.496 
0.333 0.341 0.425 0.717 0.491 
0.324 0.328 0.439 0.669 0.463 
0.3 0.303 0.406 0.618 0.581 
0.337 0.335 0.443 0.696 0.434 
2.33E-17 2.43E-17 2.9E-17 5.17E-17 1.11 
2.21E-17 2.22E-17 3.03E-17 4.58E-17 1.03 
0.326 0.33 0.437 0.677 0.466 
0.326 0.324 0.429 0.674 0.495 
0.334 0.332 0.44 0.691 0.449 
0.325 0.326 0.439 0.667 0.462 
2.23E-17 2.24E-17 3.02E-17 4.67E-17 1.04 
0.333 0.33 0.423 0.7 0.507 
2.18E-17 2.18E-17 3.05E-17 4.37E-17 1.01 
0.352 0.355 0.493 0.713 0.139 
0.309 0.308 0.424 0.627 0.526 
2.19E-17 2.19E-17 3.04E-17 4.42E-17 1.01 
0.347 0.354 0.481 0.711 0.235 
0.35 0.354 0.491 0.709 0.161 
0.351 0.355 0.49 0.713 0.161 
0.336 0.34 0.45 0.697 0.406 
0.323 0.326 0.44 0.665 0.461 
0.321 0.323 0.442 0.655 0.457 
0.322 0.324 0.441 0.658 0.459 
