1.04E-17 2.4E-18 4.65E-17 2.07E-16 3.47 
0.282 0.278 0.401 0.571 0.611 
0.283 0.283 0.401 0.567 0.6 
0.284 0.279 0.405 0.578 0.606 
0.334 0.292 0.507 0.771 0.385 
0.283 0.269 0.411 0.596 0.626 
0.344 0.328 0.497 0.719 0.263 
0.282 0.273 0.406 0.584 0.618 
0.331 0.261 0.536 0.866 0.415 
1.05E-17 2.42E-18 4.65E-17 2.06E-16 3.46 
0.327 0.236 0.558 0.953 0.443 
0.276 0.271 0.394 0.562 0.635 
0.282 0.275 0.405 0.581 0.616 
0.276 0.27 0.395 0.565 0.637 
0.243 0.236 0.35 0.503 0.743 
0.265 0.262 0.377 0.537 0.668 
0.283 0.267 0.412 0.601 0.629 
0.266 0.26 0.38 0.543 0.672 
1.04E-17 2.37E-18 4.65E-17 2.09E-16 3.5 
0.344 0.322 0.503 0.736 0.267 
0.282 0.277 0.402 0.573 0.612 
0.28 0.279 0.397 0.562 0.611 
0.33 0.314 0.478 0.694 0.385 
0.33 0.306 0.486 0.715 0.392 
0.33 0.31 0.482 0.703 0.388 
0.343 0.33 0.495 0.715 0.262 
0.33 0.313 0.48 0.697 0.386 
0.282 0.276 0.404 0.578 0.615 
0.281 0.281 0.398 0.564 0.606 
0.282 0.279 0.4 0.569 0.609 
