1.86E-17 3.71E-17 2.08E-17 9.25E-17 1.69 
1.89E-17 3.65E-17 2.12E-17 8.97E-17 1.65 
1.64E-17 4.04E-17 1.74E-17 1.18E-16 2.07 
0.318 0.321 0.446 0.628 0.466 
0.351 0.357 0.492 0.69 0.233 
1.87E-17 3.68E-17 2.1E-17 9.1E-17 1.67 
1.89E-17 3.64E-17 2.13E-17 8.91E-17 1.64 
1.88E-17 3.66E-17 2.12E-17 9.0E-17 1.65 
1.91E-17 3.61E-17 2.16E-17 8.75E-17 1.62 
1.82E-17 3.77E-17 2.02E-17 9.65E-17 1.75 
0.313 0.313 0.442 0.624 0.47 
1.9E-17 3.62E-17 2.15E-17 8.79E-17 1.62 
1.91E-17 3.62E-17 2.15E-17 8.78E-17 1.62 
1.92E-17 3.6E-17 2.17E-17 8.69E-17 1.61 
0.33 0.33 0.466 0.659 0.364 
1.84E-17 3.73E-17 2.06E-17 9.4E-17 1.71 
1.91E-17 3.6E-17 2.17E-17 8.7E-17 1.61 
0.339 0.345 0.476 0.667 0.341 
0.345 0.349 0.485 0.682 0.271 
0.343 0.344 0.484 0.683 0.263 
0.32 0.321 0.452 0.638 0.433 
0.321 0.322 0.453 0.64 0.428 
