2.29E-17 2.16E-17 3.02E-17 4.63E-17 1.04 
2.17E-17 2.17E-17 3.06E-17 4.34E-17 1.0 
2.22E-17 2.17E-17 3.04E-17 4.46E-17 1.02 
0.34 0.343 0.489 0.679 0.284 
0.342 0.347 0.495 0.684 0.267 
0.313 0.314 0.446 0.626 0.469 
2.24E-17 2.17E-17 3.03E-17 4.5E-17 1.02 
0.296 0.298 0.422 0.592 0.549 
0.319 0.319 0.452 0.637 0.435 
2.33E-17 2.17E-17 3.0E-17 4.71E-17 1.05 
0.342 0.347 0.496 0.683 0.269 
0.326 0.327 0.463 0.651 0.391 
0.336 0.344 0.493 0.671 0.33 
0.327 0.33 0.469 0.654 0.385 
0.33 0.334 0.475 0.66 0.364 
0.327 0.328 0.465 0.653 0.386 
0.316 0.317 0.449 0.632 0.449 
