1.05E-17 2.43E-18 4.64E-17 2.06E-16 3.45 
1.05E-17 2.42E-18 4.65E-17 2.06E-16 3.46 
1.04E-17 2.42E-18 4.65E-17 2.07E-16 3.47 
1.04E-17 2.4E-18 4.65E-17 2.08E-16 3.48 
1.09E-17 2.65E-18 4.63E-17 1.97E-16 3.31 
0.331 0.347 0.464 0.685 0.408 
0.301 0.306 0.421 0.603 0.556 
0.204 0.206 0.286 0.41 0.83 
0.314 0.322 0.439 0.632 0.497 
0.26 0.262 0.365 0.523 0.689 
0.343 0.345 0.485 0.689 0.262 
1.06E-17 2.47E-18 4.64E-17 2.04E-16 3.42 
1.05E-17 2.47E-18 4.64E-17 2.04E-16 3.43 
0.231 0.233 0.324 0.465 0.771 
0.315 0.321 0.445 0.636 0.472 
0.222 0.225 0.308 0.448 0.803 
0.269 0.272 0.377 0.542 0.666 
1.05E-17 2.46E-18 4.64E-17 2.05E-16 3.43 
0.321 0.324 0.453 0.645 0.436 
0.342 0.346 0.486 0.69 0.262 
0.336 0.339 0.476 0.676 0.324 
