0.322 0.305 0.419 0.645 0.536 
0.281 0.271 0.376 0.563 0.663 
0.352 0.318 0.43 0.707 0.48 
0.291 0.278 0.385 0.583 0.641 
0.324 0.318 0.446 0.647 0.447 
0.276 0.27 0.378 0.553 0.657 
0.215 0.211 0.294 0.431 0.816 
0.336 0.318 0.437 0.673 0.466 
0.26 0.25 0.346 0.521 0.73 
0.244 0.24 0.338 0.488 0.741 
0.274 0.264 0.367 0.548 0.683 
0.265 0.25 0.344 0.53 0.737 
0.304 0.25 0.324 0.619 0.81 
0.295 0.287 0.399 0.591 0.602 
0.0759 0.0698 0.0949 0.152 1.04 
0.0765 0.0698 0.0945 0.154 1.04 
2.36E-18 1.03E-17 4.65E-17 2.09E-16 3.5 
0.293 0.286 0.4 0.586 0.599 
0.277 0.271 0.379 0.553 0.655 
0.34 0.321 0.442 0.682 0.445 
0.275 0.271 0.381 0.549 0.648 
0.267 0.261 0.366 0.534 0.685 
0.308 0.287 0.393 0.617 0.617 
