1.1E-17 1.34E-17 4.37E-17 1.19E-16 2.09 
1.25E-17 1.23E-17 4.36E-17 1.17E-16 2.06 
1.2E-17 1.41E-17 4.32E-17 1.09E-16 1.95 
0.356 0.415 0.47 0.839 0.0 
1.26E-17 1.27E-17 4.33E-17 1.14E-16 2.01 
1.26E-17 1.28E-17 4.33E-17 1.13E-16 2.0 
0.356 0.379 0.488 0.759 0.0 
0.355 0.366 0.494 0.731 0.0 
0.356 0.388 0.484 0.78 0.0 
1.24E-17 1.26E-17 4.35E-17 1.15E-16 2.04 
1.25E-17 1.26E-17 4.35E-17 1.15E-16 2.03 
1.25E-17 1.27E-17 4.34E-17 1.14E-16 2.02 
1.23E-17 1.24E-17 4.36E-17 1.17E-16 2.06 
1.18E-17 1.21E-17 4.39E-17 1.22E-16 2.13 
1.21E-17 1.22E-17 4.37E-17 1.19E-16 2.09 
1.23E-17 1.26E-17 4.35E-17 1.16E-16 2.05 
0.354 0.358 0.498 0.716 0.0 
1.2E-17 1.22E-17 4.38E-17 1.2E-16 2.11 
0.356 0.395 0.48 0.795 0.0 
1.34E-17 1.31E-17 4.28E-17 1.07E-16 1.91 
0.355 0.364 0.495 0.728 0.0 
0.354 0.355 0.499 0.709 0.0 
0.356 0.386 0.485 0.774 0.0 
0.354 0.36 0.497 0.719 0.0 
0.355 0.373 0.491 0.746 0.0 
0.354 0.362 0.496 0.723 0.0 
0.356 0.377 0.489 0.755 0.0 
