2.03E-17 3.35E-17 2.37E-17 7.57E-17 1.45 
2.1E-17 3.13E-17 2.52E-17 6.78E-17 1.33 
1.74E-17 3.89E-17 1.91E-17 1.04E-16 1.87 
0.334 0.332 0.469 0.66 0.364 
0.303 0.301 0.423 0.594 0.55 
0.302 0.301 0.426 0.6 0.53 
0.295 0.294 0.416 0.587 0.559 
0.341 0.335 0.473 0.659 0.373 
0.232 0.227 0.318 0.44 0.801 
2.12E-17 3.04E-17 2.58E-17 6.49E-17 1.29 
2.11E-17 3.08E-17 2.56E-17 6.61E-17 1.31 
2.1E-17 3.1E-17 2.54E-17 6.68E-17 1.32 
0.335 0.333 0.471 0.663 0.353 
0.304 0.303 0.428 0.604 0.522 
