3.97E-17 1.68E-17 1.82E-17 1.11E-16 1.97 
3.96E-17 1.69E-17 1.84E-17 1.1E-16 1.95 
2.45E-17 2.91E-17 2.49E-17 6.95E-17 1.36 
0.339 0.339 0.48 0.678 0.283 
0.342 0.343 0.485 0.684 0.254 
0.342 0.342 0.484 0.684 0.255 
0.342 0.342 0.485 0.683 0.259 
3.94E-17 1.71E-17 1.86E-17 1.08E-16 1.92 
0.325 0.325 0.46 0.651 0.391 
4.02E-17 1.64E-17 1.78E-17 1.14E-16 2.02 
4.01E-17 1.65E-17 1.78E-17 1.14E-16 2.01 
4.08E-17 1.59E-17 1.71E-17 1.2E-16 2.11 
4.0E-17 1.66E-17 1.8E-17 1.13E-16 2.0 
3.98E-17 1.67E-17 1.81E-17 1.12E-16 1.98 
3.88E-17 1.75E-17 1.92E-17 1.03E-16 1.85 
0.341 0.343 0.485 0.683 0.262 
0.334 0.335 0.474 0.669 0.326 
0.341 0.341 0.483 0.682 0.264 
0.349 0.349 0.493 0.698 0.164 
0.33 0.334 0.475 0.659 0.369 
0.347 0.347 0.491 0.694 0.193 
0.337 0.34 0.483 0.675 0.304 
