0.268 0.266 0.381 0.541 0.657 
0.272 0.268 0.388 0.552 0.645 
0.272 0.27 0.386 0.547 0.642 
0.324 0.249 0.531 0.871 0.478 
0.278 0.274 0.396 0.565 0.626 
0.321 0.277 0.491 0.751 0.478 
0.261 0.257 0.373 0.533 0.683 
0.259 0.256 0.368 0.523 0.687 
0.28 0.258 0.413 0.609 0.654 
0.279 0.265 0.405 0.588 0.64 
0.266 0.254 0.384 0.556 0.683 
0.272 0.271 0.385 0.544 0.64 
0.278 0.271 0.399 0.573 0.631 
0.265 0.264 0.375 0.531 0.665 
0.27 0.266 0.385 0.549 0.652 
0.26 0.251 0.374 0.538 0.698 
0.276 0.275 0.391 0.554 0.627 
0.259 0.255 0.369 0.525 0.689 
0.313 0.297 0.456 0.662 0.489 
0.313 0.298 0.454 0.659 0.488 
0.285 0.283 0.405 0.576 0.595 
0.278 0.272 0.398 0.57 0.629 
0.279 0.266 0.404 0.585 0.638 
1.03E-17 2.36E-18 4.65E-17 2.09E-16 3.5 
0.325 0.321 0.461 0.656 0.402 
0.278 0.275 0.395 0.562 0.624 
0.28 0.277 0.398 0.565 0.618 
0.277 0.276 0.393 0.556 0.623 
0.288 0.281 0.412 0.59 0.592 
0.28 0.276 0.398 0.566 0.618 
0.265 0.257 0.381 0.548 0.677 
0.276 0.274 0.392 0.556 0.628 
