2.08E-17 2.29E-17 3.4E-17 4.63E-17 1.07 
1.95E-17 2.6E-17 4.34E-17 5.14E-17 1.22 
0.342 0.343 0.477 0.671 0.326 
0.333 0.333 0.468 0.66 0.362 
2.06E-17 2.31E-17 3.48E-17 4.7E-17 1.08 
2.04E-17 2.33E-17 3.54E-17 4.75E-17 1.09 
2.05E-17 2.31E-17 3.49E-17 4.71E-17 1.08 
0.323 0.323 0.456 0.645 0.411 
2.03E-17 2.34E-17 3.57E-17 4.79E-17 1.1 
0.326 0.326 0.458 0.646 0.409 
0.322 0.323 0.456 0.644 0.413 
2.16E-17 2.16E-17 3.06E-17 4.33E-17 1.0 
0.354 0.356 0.493 0.691 0.224 
0.362 0.363 0.504 0.707 0.0787 
0.323 0.324 0.457 0.647 0.405 
0.344 0.346 0.481 0.675 0.306 
0.322 0.322 0.455 0.642 0.418 
