0.046757001839237644
0.19532843041066622
0.1181855732678091
0.046757001839237644
0.6264974208018665
0.6096299509223485
0.6457745292356015
0.2742885662457293
0.5469793485127099
0.6554130834524691
0.6481841677898184
0.6409552521271678
0.5879432039343967
0.4939673003199388
0.5156540473078907
0.47950946899463764
0.44457663299181654
0.11143142338858641
0.6626419991151197
0.5734853726090955
0.12104271612495193
0.355574294356499
0.691557661765722
0.6120395894765653
0.046757001839237644
0.5520370185114809
0.6409552521271678
0.46505163766933644
0.5004600156814747
0.4963769388741557
