0.6774082963767125
0.5879723280050245
0.8230722933011412
0.868
1.001263202160151
0.384
0.6986214998123089
0.858
0.349225958502662
0.248
0.7551900423072327
0.40292931226882556
0.7704453325505525
0.502
0.38981625234260875
0.6321534623807735
0.6505382386916239
0.4582051942088828
0.7325626253092632
0.5670996385116112
0.5954834835148428
0.3512003104561572
0.6402556761906358
0.7240773439350247
0.7056925676241745
0.1927067387102066
0.71
0.7863027406794408
0.6873077913133241
0.6717514421272202
