0.1403092994827422
1.0031255026789485
0.1106320813760943
0.11558958546251497
0.1328058225419589
0.10274765024006662
0.12354822747788877
0.9926204514121403
0.1301668319543675
0.9045199168708106
0.14071760356192453
0.2513542938815222
0.14228527293329157
0.15431128181433293
0.23926579001082285
0.11913149821382558
0.11559716665818828
0.9968578199949302
1.0031255026789485
0.14093220557298886
0.9851114722655617
0.9944095528059271
0.06628478663702755
0.12931517513114812
0.14295474102525674
0.9979280977936184
0.14050757679163353
0.08309033148359918
0.998120899482082
0.12492444476713306
