0.0447998367936747
0.5611543949713355
0.3166316956424819
0.39422381317859495
0.002265407657129193
0.7163450656339905
0.03915344561887836
0.010971027401574471
0.6483100876287445
0.7175019730150851
0.3440135137146406
0.639319060506289
0.5023641099362514
0.11526092879444616
0.6425302470163674
0.14152171163174698
0.050107202492603586
0.18534885659023037
0.21718884189369242
0.19437199257987972
0.5695185153227965
0.6456096073102758
0.5433014581480129
0.037386850162022124
0.3148544240464697
0.7175606902148293
0.15337286247909984
0.02014994505523832
0.4697971600550779
0.12702014400259498
