1.2357109621316935
1.5710863690290677
1.501431476827305
1.5833886769603471
1.8264876404355288
0.6111230279176645
1.2744081244660057
1.5651466596941679
1.4343563954478307
0.6111230279176645
1.3776005573575054
1.645411535665357
1.4601545036707049
0.915730845018185
1.5893581292577663
1.1531570158184938
1.1866945565082312
0.8358402846771322
1.3363235842009056
1.0344857179932692
1.8264876404355288
1.4033986655803803
1.6149431530079545
1.3208447192671806
1.2873071785774433
0.6111230279176645
1.2951648041547144
1.4343563954478302
1.253769637887706
1.2253917188425434
