0.02108517694529928
0.01658130237179152
0.026870073905084585
0.026663453924866683
0.03851134907318127
0.0056630528323574365
0.021461957729015838
0.03012509377558243
0.008926848803828004
0.00398417421521992
0.024305085071072072
0.011316673027629686
0.019209960762635963
0.013123285339131725
0.010670459781716527
0.017839982076399107
0.019758011384634157
0.012195600487018548
0.023293381594646792
0.016232141469543052
0.0186671035680003
0.009151214524433512
0.01833240465017715
0.02244327958032297
0.02207723033124566
0.0044886769514652656
0.022091697419125197
0.026076235612145574
0.01842471513047573
0.01976210392302143
