0.00264288100228024
0.01571274797759112
0.009319765371223022
0.005500658455386903
0.023773865595133115
0.023999290345771265
0.024298381211593556
0.02124852926368395
0.019616940879598928
0.02555111016664595
0.025155529552036947
0.024750692806732925
0.021496788267135112
0.017476252824668474
0.01765046764541894
0.01661351914307715
0.02993408877566254
0.00866820461210538
0.026607835793955373
0.022229652834609905
0.009954797662356053
0.020109867467041548
0.02793199624011672
0.022980192671334686
0.004151524460318911
0.023748409640415392
0.025012921432723535
0.01594548645815635
0.02080864982905126
0.016627521341067784
