0.18806318321542104
0.16578849886969185
0.19252477695878287
0.20185745683481646
0.3945845014578672
0.054500025011221045
0.24973158711862373
0.2962712557008577
0.10157660548003551
0.06976431078635377
0.20963414399879787
0.3123152560831986
0.21646027278489036
0.2587001797734143
0.18166182458966026
0.2421374845922747
0.26675474085327544
0.2220111912857582
0.35259722688519146
0.24377568762836588
0.17013673918778177
0.09519962013400939
0.18300248921903986
0.26034062945773456
0.30598819493080903
0.1441419113712211
0.32494840460383967
0.3904615123740411
0.23907467138419164
0.2899594739670819
