0.9912711246537963
1.4460639945673728
1.068241535824472
0.8927222876428285
2.279394678419764
2.024044112777492
2.436121781948561
1.4326514306599982
3.2900165491463293
2.3694067443337175
2.768496881870255
2.550627516753017
4.70047959155102
2.593059122069413
2.6591558669593125
2.586976432420135
2.3077358888430215
1.2296865317729966
3.1918600462678213
2.5412783148939577
1.457251282946944
2.252135478815297
2.627155988430387
3.30511066721452
2.008996439423986
2.432586412877589
2.7112228789340165
2.8825365386773534
2.612088060645165
2.906229956695721
