0.6048106738139147
0.046757001839237644
0.41936936173463013
0.3610057729649685
0.6048106738139147
0.3667200586792543
0.6626419991151197
0.046757001839237644
0.4713281867142733
0.049614144696380535
0.1181855732678091
0.08104271612495195
0.5601699875437935
0.5566179027295775
0.16828476636978845
0.6819191075488544
0.41936936173463013
0.046757001839237644
0.046757001839237644
0.6043996424612267
0.046757001839237644
0.046757001839237644
0.3696141446963805
0.6289070593560835
0.5951721195970473
0.046757001839237644
0.5903528424886135
0.13818557326780911
0.046757001839237644
0.3645766329918166
