0.0024909017178908065
1.1078799738178597E-4
2.6300358396731167E-4
4.135194640967827E-4
0.001930779698582239
1.337796924853881E-4
9.059274426550929E-4
0.0011511914404963716
0.0010057043049591368
9.905247065578369E-5
1.9577979419194224E-5
7.212378373130083E-4
0.0027811620420997545
0.003488298913455873
0.005870277481881144
7.235562902602835E-4
6.005717092733677E-4
6.647778529461158E-4
4.44561703781388E-5
0.0015645061755954887
0.001545372420437652
8.231944380629901E-4
0.0
0.0016768608691860231
0.0025186593658437723
2.62863424480292E-4
0.002903222379404517
0.001122337231750853
2.89994382814663E-4
0.001326284060376416
