0.06997547654802203
0.025254967548595995
0.04448149768361499
0.037911415090076464
0.07377018363125093
0.019735176022055743
0.07030691160069984
0.07266738193669456
0.020213939413251412
0.018915557328934008
0.04209835124428247
0.02150330913212502
0.028874883903838484
0.063329351366342
0.0213316049371921
0.061818898915749966
0.0695629447960937
0.05798016762817382
0.05375818685103479
0.05705744246725677
0.025301707292528963
0.02019096394950063
0.026547219235117984
0.07039493626388267
0.0448623893365236
0.0187560351160193
0.05965850140507026
0.07173323697495042
0.031086117748758225
0.06246687300230879
