0.7758840209369244
0.6682546955663777
0.8033619258006753
0.7308459286984144
0.5083039047577201
0.6401130209223798
0.8433833636011806
0.7796968154371732
0.7530058191170677
0.7554114498731157
0.8793829085111645
0.5983181576939479
0.7529858423422892
0.7992626991942464
0.6477168661370635
0.8574089178132528
0.8283500451668305
0.7051604874371716
0.8814836888939236
0.8651166096264039
0.3790683402832782
0.7212036151011719
0.6436943397524206
0.8812645233312781
0.8751634970861762
0.6893670710903506
0.8849113935264017
0.8468051189418733
0.9150241089957682
0.8642683332532838
