0.25324270213762234
0.12876324400442893
0.232562451064886
0.21874354810275556
0.4666209916096262
0.038397854977939974
0.2606155818470574
0.3601882745848274
0.06454604747300764
0.028179116373874852
0.20056096321314185
0.09173444032263176
0.1478290678512035
0.15311042803262015
0.084307079976905
0.2031756181088454
0.23919649676653726
0.13899280407888537
0.23639044391247996
0.180396134553542
0.16247628490390015
0.06776839650265759
0.1456941032452034
0.2685143420412955
0.19719434651620457
0.03250334861420287
0.24396604462912777
0.3169713994918195
0.13521588120271064
0.22807073794076996
