0.9421905830423798
0.7216774027800571
0.7268389693309688
0.7366996524605985
0.8455933571072348
0.6865284615278832
0.739278148973544
0.8563436895685864
0.7475670206683853
0.7252030385312175
0.6665907873785863
0.8270358313673216
0.8862617112531012
0.9074758623357384
0.6840854670807215
0.7503678015515293
0.7242233594888596
0.8269107462994812
0.7050743324562033
0.809425028518155
0.8032595554065423
0.815932191987254
0.4680975789705868
0.8925904597034058
0.9271987835065478
0.7270787882820232
0.9503234255444275
0.8076475052743395
0.7398010035841743
0.8473137954327471
