0.0037813221721916535
2.1892350565446374E-4
6.762944781757238E-4
1.830835029066186E-4
0.0
2.648491462174622E-4
0.002780333471623036
2.3030856657545526E-4
0.0010862219442942774
9.906582730960813E-4
0.001486486247993634
7.276227109212172E-5
8.586381288655598E-4
0.0077924083915875296
1.2983783576301307E-4
0.0061053280884324785
0.003886852152008402
0.010372353813031749
0.0018259545939284419
0.007059374867697597
0.0
0.0012349545018490833
1.0003453266870789E-4
0.0024838237720283176
0.00253222803198501
0.0011192101591682093
0.0026018577633918224
9.586107802106276E-4
0.0029685806904212347
0.003916077710426758
