0.23082227402131109
0.015456237761071648
0.28103804658157344
0.2732717010912872
0.2400936482490405
0.29278976307065613
0.2576427379068755
0.014197669203891861
0.2604417125272512
0.018610858629298604
0.15637202248370624
0.07867511529965084
0.22462589182579235
0.2143457700141164
0.0642649211091334
0.26277826275353977
0.26716652142024494
0.015062822301577291
0.015456237761071648
0.24513732341305464
0.01350580039885542
0.014743358496801822
0.336383517720333
0.24274666705931044
0.22912825738562767
0.015456237761071648
0.22539929554368185
0.1922343291291291
0.015456237761071648
0.2486411586465213
