0.021850775337272525
0.020829012394184047
0.027816975804888386
0.028406761384950154
0.04781187534619138
0.016808469771078863
0.022043518083863768
0.032129790699788156
0.014957449536895668
0.013817691023787335
0.02513118844453175
0.01947788500251086
0.020999394392785663
0.013434980250080397
0.018576999392597934
0.018168553185638765
0.020292253510379613
0.012789081869264803
0.0240834914257601
0.016595634669621738
0.029676176473461446
0.01481511319244516
0.02268125017168122
0.023045425545744784
0.022733340982217676
0.013679166337084731
0.022744913195077404
0.02726552641020532
0.01902592871084432
0.020091568165274167
