191.01951593923076
144.69533808565612
52.80751055233818
180.35821677392133
116.88868001472603
151.64196126303196
167.8029651511852
147.48119325901968
101.2297543961805
143.1173456283966
198.8563254784909
146.51483645107712
51.86573756629067
223.31512032804287
65.22751761158048
71.89437783039372
142.34979542005604
96.49689215309611
56.81314209219717
177.67408574791313
230.67703862969756
123.81194440009995
124.88427655827822
142.91114180682885
230.54207992456708
283.8859895469066
115.71346331190308
153.53255845849884
63.752256731103174
191.94054022170423
