0.005235575884236628
0.0014238205901508719
2.606209661565915E-5
2.3521146710126005E-4
0.008347419929872346
9.122427753919467E-4
3.33743211573695E-4
0.0017515589145694437
5.346985968036146E-5
0.0014196181700934275
0.0017707527454485009
0.0024173150043819733
0.0019395838111262197
0.0033823640051615957
0.0
4.834948614405445E-4
0.007545248324005087
0.002029917780798762
9.084228278929253E-4
0.0012598889435345745
0.0034250975783063015
6.475850196413519E-4
6.104067066960845E-4
1.0487163128091996E-4
0.0027503875439450895
0.009234534341712772
0.001920868581590582
0.0013290006529196893
7.455828751359039E-4
7.261992019681131E-6
