0.023410364950819176
0.017774497234193155
0.030045422235836713
0.027053620913220517
0.025009008602939826
0.029693429853719932
0.027829554200726907
0.01371727053366067
0.028209090837706553
0.017782788108690134
0.02050086764224241
0.015099166973436029
0.022641324236821303
0.02110194954777127
0.007902476258273077
0.028755281199409368
0.028430639538770095
0.014987473618985203
0.018585688349182096
0.025431397048102787
0.012562419512082732
0.014464235948393933
0.037872342181027974
0.025238159929057626
0.02311151096143253
0.016075059152216787
0.022586706475543884
0.015330641230689519
0.016121851178969356
0.024710292369872384
