0.2373052612789201
0.31860348379403
0.052158208497318385
0.051709310621138156
0.17970165318827036
0.04903470477173588
0.3392274539516287
0.0449504719145654
0.32350946211434595
0.04771539942329442
0.3034306406809397
0.25607897702948923
0.3015721848550309
0.26147691731097294
0.5617640914465143
0.3725121490889567
0.19707086518548045
0.19927047262380668
0.3180723604751381
0.321408962601678
0.2569905239223027
0.16404829103731283
0.3461400897590811
0.1888525071401463
0.2724052223627569
0.1795336066743845
0.2759483581646895
0.16205082431245527
0.348767346429677
0.052158208497318385
