0.8164229470705968
0.7176143028393859
0.7543912807881579
0.6855586224907189
0.5169528093866365
0.7221745895430104
0.887568512968024
0.7709345348754808
0.8398241942661904
0.8254750917169285
0.8428625254676063
0.6922450048631239
0.73773615869456
0.8865908750619679
0.7280206127108411
0.9039248855536142
0.8916880108662341
0.7534633768367299
0.8577327400973369
0.9248706170252685
0.5180970077051151
0.8292020568686247
0.6862718001616759
0.922642503137112
0.850565709075277
0.7572585017294636
0.8754114158535866
0.8353908958230482
0.8445281754487107
0.9106669767442549
