0.2967484524896941
0.31659865101165163
0.07364483518921787
0.08078073123189118
0.3293155154670203
0.07160677275243087
0.24205443162716272
0.14185860732029215
0.23266069428878403
0.09640138367311418
0.2332235214318911
0.21691893856256006
0.25094461777448995
0.2945047102078064
0.3085307957459813
0.29869653927460543
0.40261037682257594
0.1441705220335865
0.23943702249537915
0.28341327293520147
0.35247946311118444
0.11948248835760505
0.2718845629772202
0.17306305001303862
0.4577566278317008
0.3728336819623766
0.24643339656527333
0.09906343587954096
0.17353893386123748
0.09419481886551802
