0.6665474520746175
0.7943925233644836
0.8712438027651161
0.7241209707038491
0.6153359217676592
0.6280112459893304
0.6616429262210033
0.7644859783902054
0.9009645341141476
0.4322017685552526
0.7420432348091061
0.6995708154506382
0.7943925228191336
0.7548700396782699
0.5727953150254165
0.8969957081545031
0.8618025751072952
0.8451123556745852
0.6737996672204317
0.7653014317841951
0.3997626274826523
0.6340531865034673
0.009345794376986884
0.9429666840158811
0.6854077253218819
0.7167381974248704
0.7037733181601759
0.778579265099204
0.6844301121776103
0.9442060085836048
