0.020583021220917045
0.019835022423527388
0.015704542598126713
0.23134628403798332
0.015454262167729119
0.02049147086437265
0.012259419225056953
0.02009292256686045
0.020868964684341976
0.020759963270919904
0.01386885171724819
0.015055496150813948
0.19469211920076718
0.18989669582423843
0.019835016236316744
0.24961348123966198
0.01547042591203228
0.01509418236582611
0.019835022423527388
0.014297636300154272
0.18986693028188742
0.02093241893072461
0.018319685781628733
0.015055496150813948
0.015097308376423207
0.015055496150813948
0.23134628403798335
0.015055496150813948
0.020443343468026866
0.014727970011945007
