0.6357619028518712
0.9906542056074765
0.9957081545064378
0.9957081545064378
0.9909112585937188
0.9796562613725701
0.8609970318077893
0.9904834825718987
0.9957081545064377
0.8884120171673812
0.7833211664193175
0.9940691599614936
0.9957081545064378
0.7781828245958843
0.9949265832898799
0.9957081545064378
0.6614102924070433
0.9934368406401669
0.9906542056074766
0.9912801912879547
0.88841201716738
0.8416231198106774
0.8320341342104209
0.9906542056074766
0.6102234166298985
0.9906542056074766
0.7570093457943917
0.8105410934178333
0.9957081545064377
0.9957081545064378
