1.0004379179436917
1.0004379179436917
1.0004379179436917
1.0004379179436917
1.0103007384668778
36.41605304183427
1.0004379179436917
1.0004379179436917
1.0004379179436917
26.01146554780992
18.50815725885005
0.9224037319184929
0.8163567545878763
1.0004379179436917
18.488671006134254
1.0103007384668778
1.0004379179436917
26.26806124087638
1.0103007384668778
18.808289590408446
19.5085983640447
3.5158705803059007
18.892795174172804
1.0004379179436917
26.01146554780992
5.9608217969391415
0.9860532883845647
1.0103007384668778
1.0004379179436917
0.7860118252054815
