0.009926783739441655
0.400221818877031
0.40091226453230194
0.009987822513355168
0.009987822513355168
0.40418987817135243
0.009987822513355168
0.02891883045704811
0.009987822513355168
0.009926783739441655
0.3999722533982958
0.00929944536643316
0.009926783757467571
0.007729888958553854
1.5903105950322245
1.1948389918981974
0.40418370512477086
0.00858810082509823
0.008750836966411992
0.009987822513355168
0.009987822513355168
0.7996427146541091
0.00789842906629865
0.00927140658384946
0.008900368386123212
0.00981331828395323
0.009223986183861322
0.008184178584113307
0.009926783739441655
0.39983306960112014
