0.322032208882314
0.34170777332851776
0.2586905318741199
0.35971273128382136
0.2701826089619551
0.3332326063254596
0.11043149500047644
0.31898427685847636
0.3247391665252957
0.3231187207038781
0.20051209195314088
0.30717854507633463
0.35977469116965555
0.3598820890764772
0.3417077981179826
0.3597954448950586
0.265117291792768
0.251756792256467
0.3417077733285175
0.2175653737093412
0.35976730018048814
0.33142895244018916
0.29979432732316424
0.30717854507633463
0.25729029548716587
0.3071785450763348
0.35971273128382125
0.30717854507633463
0.32658869662215934
0.24473762118091602
