0.011408227169804436
0.2555821835794683
0.2559575153636636
0.011402576009132095
0.011402576009132095
0.25772223911581726
0.011402576009132094
0.021225277818566857
0.011402576009132094
0.011408227169804436
0.2554727089241173
0.010484821711342115
0.011406068359715998
0.009743192218775686
1.0109816542258288
0.7597658259531522
0.25776546444033316
0.010062102132983848
0.010143146234405744
0.011402576009132095
0.011402576009132094
0.509189837025415
0.009797629080313204
0.010413612850989056
0.0102047315309389
0.010998204206681924
0.010395065007159641
0.00989763632803822
0.011408227169804434
0.2553749168592615
