0.030799442594092622
8.659305688774082E-4
3.9153363252338556E-4
3.9153363252338556E-4
7.365305137577413E-4
3.945745018821262E-4
0.012768083055008555
8.11305509911329E-4
3.9153363252338556E-4
0.01104807552579041
0.018378264845329284
4.2351342447004877E-4
3.9153363252338556E-4
0.021559562228971957
3.956769839069573E-4
3.9153363252338556E-4
0.03035249202945576
5.461104117695041E-4
8.659305688774082E-4
8.077751071219936E-4
0.01104807552579041
0.016673101684367198
0.013529459041746078
8.659305688774082E-4
0.033504339360658615
8.659305688774082E-4
0.024078874198708276
0.015550529552722377
3.9153363252338556E-4
3.9153363252338556E-4
