0.00516090529490323
0.22769436141696106
0.2311064040373515
0.2311064040373515
0.32315604133220327
0.2499985404436144
0.010451969986125293
0.2926352394321118
0.23110640403735153
0.009905252516234028
0.0099576766619384
0.31706886174836774
0.2311064040373515
0.010043721838498327
0.2851761539168326
0.2311064040373515
0.00524854039630656
0.3804047707958422
0.22769436141696098
0.2952998360798527
0.009905252516234024
0.010432663201380511
0.009911943787823075
0.22769436141696098
0.00521748825571709
0.22769436141696098
0.009817752542872362
0.010018828239104537
0.23110640403735153
0.2311064040373515
