0.7648595076850371
0.6824335175835037
0.6824432256868681
0.6824432256868681
0.682402467206027
0.5551160173337212
0.699555044616953
0.6824147577794805
0.6824432256868681
0.6959339214920467
0.7154656914043057
0.682391893719987
0.6824432256868681
0.7264306174364107
0.6824057117894409
0.6824432256868681
0.7628096601859513
0.682383999613778
0.6824335175835037
0.6824141651821398
0.695933921492046
0.7101406468444319
0.7014288234589316
0.6824335175835037
0.7777103984360413
0.6824335175835037
0.7360743441962655
0.706859220988313
0.6824432256868681
0.6824432256868681
