19.094857258192082
0.9954357124177184
1.0004379179436917
1.0004379179436917
1.0103007384668778
39.617464578457145
0.7142797853786385
1.0004379179436917
18.58970204814389
1.0004379179436917
18.993826216182445
0.7799499626849032
26.26806124087638
38.088693156004034
36.41605304183427
19.008377811447374
26.01146554780992
0.8062180336074092
18.808289590408446
36.977351693898015
18.69073309015353
18.608201369369517
23.035067896567966
36.51609715235374
1.0103007384668778
2.647003619023014
1.0103007384668778
18.892795174172804
1.0004379179436917
1.0004379179436917
