2.2167484658785455E-8
6.522970438742618E-30
5.527066203001348E-16
2.2407067347017148E-9
6.716950591975401E-9
1.692427901093076E-6
3.352641691238295E-10
2.6616899556128373E-16
1.350768274105216E-16
1.0532825599189352E-5
3.1636866553295827E-10
3.683959247711002E-32
1.7678867675683838E-22
5.522262244074451E-8
1.6986505796863092E-11
4.124022301762568E-33
6.017191970143564E-32
2.602930969608475E-8
6.174396578871651E-9
1.281504552630423E-12
2.1575041515680343E-6
3.6946222094860514E-10
1.1564718623990269E-22
8.989341783780336E-14
7.178460872372769E-30
5.36007380397151E-34
1.2894564358284543E-8
2.574786410624246E-10
5.4011451609187826E-5
0.0
