0.7981890016445384
0.8884120171673809
0.6439252336448598
0.9957081545064378
0.6393329589667481
0.8560805824074444
0.05607476635514019
0.7707067506317435
0.7974746299787415
0.8235011431551076
0.4682242990654206
0.7811158798283262
0.9906853669046568
0.9904362616822319
0.8884105724599896
0.9953161467249607
0.6400244675303839
0.5997268460952226
0.8884120171673819
0.5233644859813067
0.9906542056074766
0.836357947936304
0.7570093457943925
0.7811158798283262
0.5867045044322328
0.7811158798283251
0.9957081545064377
0.7811158798283262
0.8114560186113655
0.607986282138703
