0.1690525975147285
0.03811110304196033
0.03790048093946605
0.1988193909372772
0.1988193909372772
0.03609917132207419
0.1988193909372772
0.10866904003877198
0.1988193909372772
0.16905259751472856
0.03859020125505284
0.19607661897903925
0.16908494712986138
0.23246340741415586
0.03070247866471188
0.03147652127230647
0.03534564283927952
0.23793438966720587
0.20370993105996685
0.1988193909372772
0.1988193909372772
0.03344498774851258
0.25475043869239156
0.22269179491694696
0.22462090781399155
0.17511719996132152
0.22684373352248444
0.24242285125601715
0.16905259751472856
0.03834174456009933
