1.0103007380906113
19.10842192470298
20.408995361642546
1.0004379180828342
1.0004379180828342
26.011465551536073
1.0004379180828342
2.273188762745124
1.0004379180828342
1.0103007380906113
19.10842192470298
0.953723354586089
1.0103007380906113
0.7143117619561291
102.04134271045167
76.03352081844255
26.268061231180877
0.8563743989141435
0.880981004365989
1.0004379180828342
1.0004379180828342
36.97735168025115
0.7573307294856687
0.9344088051305177
0.8923902787063162
1.0012079443130988
0.9314074818145033
0.7993492559098702
1.0103007380906113
20.8091718037778
