0.5084864300651826
0.011408227169804434
0.011402576009132095
0.011402576009132095
0.009987112241439083
0.01058143970294207
0.25569263741706283
0.01035691616122282
0.011402576009132094
0.25772223911581726
0.2564628674910794
0.010083066692061611
0.011402576009132095
0.256409726633647
0.010525410648722911
0.011402576009132095
0.5214671799017142
0.009557800600863363
0.011408227169804436
0.01033512482238585
0.25772223911581726
0.25654363975302363
0.2568943955797496
0.011408227169804436
0.5070412129012359
0.011408227169804436
0.25776546444033316
0.2570460968106518
0.011402576009132094
0.011402576009132095
