0.15887841511377068
0.11158796915946068
0.3560746767960137
0.0042918318204048745
0.26822420950629405
0.10934570483339687
0.9439251440857334
0.17196252726330338
0.1467288824034903
0.154205517917509
0.5317756113754529
0.21888410649851647
0.009308321655826774
0.009345704833396869
0.11158796915946068
0.0040429047817782645
0.2906541160483501
0.3345793496932099
0.11158796915946068
0.4766354244595651
0.009345704833396869
0.11214944315115388
0.24299056464648097
0.21888410649851647
0.3214952375436772
0.21888410649851647
0.0042918318204048745
0.21888410649851647
0.13831766745021928
0.36542047118853704
