8.659305688774082E-4
0.017733121548266013
0.014185834619215968
3.9153363252338556E-4
3.9153363252338556E-4
0.01104807552579041
3.9153363252338556E-4
0.002007106281582899
3.9153363252338556E-4
8.659305688774082E-4
0.016705732269782322
8.247538501507468E-4
8.659305688774082E-4
6.579258295441732E-4
0.09382350651090682
0.03240033797320676
0.024078874198708276
4.0743750134478326E-4
7.741616516729934E-4
3.9153363252338556E-4
3.9153363252338556E-4
0.033253602340013545
4.0664009362482317E-4
3.9906029214525343E-4
4.223468153478851E-4
8.591775618137637E-4
3.88772943467639E-4
4.2302171601595897E-4
8.659305688774082E-4
0.014430344064010761
