0.25500618508332473
0.25704202055430436
0.3784650162017738
0.006808018675077389
0.5078925626957915
0.2563997794161203
1.0095713157497233
0.25488705667681216
0.25575851037798425
0.25479460767358847
0.5670930395133342
0.5078718789080828
0.006783752836597465
0.0068153317520430285
0.2570420205543072
0.00644795538788611
0.5071706327992843
0.5335726196793797
0.25704202055430436
0.5078956692709937
0.006815331751827226
0.2573901584689654
0.25706350622011115
0.5078718789080828
0.5093114024778421
0.5078718789080828
0.006808018675077389
0.5078718789080828
0.2548950873816413
0.5235531034106082
