2.5827854703514346
2.577160319505279
3.8206197986361867
0.13313132518341875
5.101470000057913
2.5858033312791586
10.143094253079788
2.5809599806827745
2.587423732975148
2.580907081248967
5.710131045687552
5.0648736561128525
0.13446213654655859
0.135369369668254
2.5771602455320854
0.13074506606310424
5.093060742575851
5.358269807831656
2.577160319505279
5.1171106601323295
0.13538378479767893
2.5984763212426176
2.6048405500370304
5.0648736561128525
5.116285997729597
5.0648736561128525
0.13313132518341875
5.0648736561128525
2.5782297755383548
5.268292800646502
