0.9906542056074766
0.7876723757570884
0.8190489751714731
0.9957081545064378
0.9957081545064378
0.8884120171673819
0.9957081545064377
0.9789719626168224
0.9957081545064377
0.9906542056074766
0.822032890778548
0.9911748683165537
0.9906263706635513
0.9917243345633948
0.05607476635513978
0.6738197424892676
0.7570093457943925
0.9946396186274116
0.9904454061208935
0.9957081545064378
0.9957081545064377
0.6371200513417029
0.9949501618466968
0.9948181342104206
0.9940019970318077
0.9906205044643215
0.9959012038024947
0.9942966522401829
0.9906542056074765
0.8392266655970471
