0.009365333607887381
0.0
0.0013507817764853184
0.0015263170651557384
0.001531827782661479
0.007553382500449646
0.004316140370510544
0.005211833529524521
0.0025107477185136767
3.0677544942091017E-4
0.002419636003261885
0.0015692158382232852
0.007159655427174206
2.567845184002205E-4
9.329228244166643E-4
0.005525192127840908
6.903713136939187E-4
0.020584591276021597
0.0035772347243762607
0.004131194091667924
5.860665519215088E-4
0.0011908172934718638
0.0018732423771338604
0.0013495885801396127
0.0016222702727664707
0.002796051884122
0.004199365474224173
0.00804111332048584
0.002735897211859707
0.0036893890567342657
