1.4153479999461338E-4
3.399959999870613E-4
5.5799999997876774E-5
8.278951199684988E-4
0.002961878399887299
3.2315399998770324E-5
1.2380159999529018E-4
3.80379999985525E-4
2.1711515999173984E-4
1.8239999999306028E-6
5.864999999776819E-5
2.5821599999017374E-4
6.221999999763301E-5
3.1433999998803696E-5
5.21999999980121E-7
3.9393599998500923E-4
2.4254999999076977E-4
1.0799999999589013E-5
4.680479999821899E-5
1.5973759999392173E-4
1.4191847999459983E-4
3.719519999858482E-5
8.447999999678616E-6
1.735999999933937E-5
6.935999999735993E-5
1.131263999956956E-4
7.235999999724662E-6
3.804239999855232E-5
1.3705999999478498E-5
1.47599999994384E-5
