0.6677282117983955
0.45447055953980464
0.5734949254905086
0.5621383189650283
0.5555596471940137
0.5644844473958006
0.5774676983623952
0.5838421725001304
0.5576453507293035
0.5547592705412362
0.5952147416838449
0.5779615272995056
0.6088941389382266
0.5806107177368376
0.5694924804407716
0.6061291153602812
0.5566185203362132
0.6433658347435475
0.586813442719399
0.5693370568143169
0.5469693849393907
0.5303612210942902
0.5653457294273218
0.5761647410448428
0.5683126004169243
0.5812612163694748
0.5946078796789316
0.6158565049324495
0.569980156995813
0.6020336099671211
