1.0716696127269863E-4
1.0284428732122663E-4
3.419103862017252E-5
1.4060742407199329E-7
2.674051904226263E-4
8.225534308211397E-5
3.013016230114059E-7
4.9440248540360995E-5
2.0051623011409397E-5
1.0388879961433314E-4
1.807809738068437E-7
2.3373306015319643E-5
1.6130483689538657E-4
6.869677004660078E-5
2.2204724409448612E-4
1.1526460978092001E-4
4.254111093256208E-5
5.057180352455959E-5
1.0572673951470342E-4
1.1191212705554524E-4
1.8412876961808183E-6
1.6888910091595753E-4
8.441266270287614E-5
2.480748500187479E-4
4.531576410091624E-5
1.5383556966093592E-4
1.2146606674165678E-4
1.234251968503942E-4
1.716083480636351E-4
5.1759936257967886E-5
