1.3816453662741845
1.4017568615776774
1.3816453662741845
1.4017568615776774
1.3796342167438351
1.3816453662741845
1.3917011139259308
1.3937122634562802
1.3876788148652321
1.3796342167438351
1.3937122634562802
1.385667665334883
1.385667665334883
1.3876788148652321
1.3756119176831365
1.4017568615776774
1.3876788148652321
1.3796342167438351
1.3756119176831365
1.3796342167438351
1.399745712047328
1.4057791606383758
1.4057791606383758
1.4037680111080266
1.3756119176831365
1.3937122634562802
1.3977345625169788
1.3917011139259308
1.3977345625169788
1.3896899643955816
