0.9800499987245549
0.9687362902255701
0.9871210665364204
0.9885352800987934
0.9828784258493011
0.9630794359760779
0.9857068529740471
0.9857068529740473
0.9786357851621817
0.9772215715998087
0.9857068529740473
0.984292639411674
0.9758073580374355
0.9602510088513317
0.9715647173503165
0.9729789309126893
0.9814642122869279
0.9842926394116742
0.9786357851621817
0.9715647173503165
0.9857068529740471
0.9743931444750623
0.9729789309126894
0.9786357851621817
0.9800499987245549
0.9772215715998087
0.9729789309126893
0.9729789309126894
0.9786357851621817
0.982878425849301
