0.037084626896125024
0.03803317700115878
0.037129803126329956
0.03799937519980307
0.037005837366666225
0.037177447018068216
0.03756539289997865
0.03751730292501932
0.03735447835488163
0.03704308718301994
0.037687065222075475
0.037087255563337175
0.03732536626319546
0.03731712326170536
0.0369135433139679
0.0380338961142181
0.03738501067372581
0.037089240678109474
0.03689415062597215
0.037100637735098564
0.03756176647515145
0.03816661960599154
0.03820877865493118
0.03812030648031563
0.036928342820840794
0.03768672279648845
0.03786541008412256
0.037605545163222426
0.03777482794537555
0.03749145826280703
