0.03812607525574348
0.03751500654442
0.03700341611129605
0.03777390386892921
0.035539026750912264
0.037433152654961
0.037950547602157186
0.03725585851497617
0.03734589123649613
0.03748185354603408
0.03795340455118059
0.038120570592154304
0.037260785359667606
0.038125446205981024
0.038035480252343795
0.037990785342451025
0.037730866722743554
0.03768697844635786
0.037917038620560166
0.03729926748588816
0.037257027624419334
0.037567633617560214
0.03816568226435418
0.037343306953789866
0.0379919342509052
0.03614966166552741
0.037176811395252585
0.03756822636099499
0.03731389081477491
0.037774706903736015
