0.6603696335111053
0.4373933144524188
0.5584068138115126
0.5476915151959575
0.5408784954781378
0.5500253766792538
0.5620207051157788
0.5681961987338732
0.5427623210553851
0.5405010910467025
0.5792997545798919
0.5630622450129311
0.5921794315802102
0.5661963853429929
0.5549367432650801
0.5892627758837321
0.5415848939233063
0.6251914456139316
0.5707147064212925
0.5542236676696405
0.5322901591641431
0.5155995258204873
0.5500965720953811
0.5616091677418826
0.5528445122272089
0.5657889359745968
0.5782359626869245
0.600244326656268
0.5549333680692913
0.5856583466854443
