0.028503236423336437
0.039201807296043556
0.03351338923681905
0.034177455313312156
0.034501633543460336
0.03397546212197706
0.033382053655331846
0.03313136966205187
0.034246629182746534
0.033993353116388986
0.03228599316847564
0.033107928808890595
0.0320450062484967
0.033054512886288696
0.033747967912998875
0.032260740297036634
0.03418095941545557
0.03043956625083701
0.03289242548914925
0.03374483086472568
0.03482096670569432
0.03553146330286034
0.033983900236134956
0.03327346333021746
0.03374576829093576
0.03332805816414565
0.032744319127794755
0.03192649394117478
0.03368254769127023
0.03243988315139808
