5.490280866978023E-4
2.294840596003913E-8
4.011582881716452E-4
2.0378211801395352E-4
1.5225524917190952E-4
2.3587020816924652E-4
4.494229432893016E-4
4.6709345134776854E-4
2.4723975107782126E-4
3.294387744968289E-4
8.607022035708724E-4
5.575999545473164E-4
8.099566642607095E-4
2.3794044339990183E-4
3.437497940994737E-4
8.338957887680886E-4
2.8754128810049874E-4
0.0019343283365262634
6.08269582703548E-4
3.767777938958735E-4
1.3503173149949886E-4
7.623088687435868E-5
3.0988623975356346E-4
4.6166218169989385E-4
3.736731392927797E-4
3.7075077943972553E-4
6.471681356378278E-4
9.719815518101308E-4
3.7651545926876723E-4
6.61386584461203E-4
