0.31489448691116717
0.33073891879053824
0.30678734246182937
0.31211949941860345
0.3277734120083169
0.3295399398446142
0.30862852650753125
0.3277734120083169
0.31384785495649636
0.32592983169370787
0.33087135429401193
0.34587768250439427
0.32748733680797487
0.3311584437174827
0.3333243304996687
0.326915523210317
0.29682743827298746
0.3150965727763152
0.33549378678355507
0.30907093191279056
0.3120388450418309
0.29519801930648326
0.3228472641229713
0.32419112791320714
0.3366481477755704
0.3327490101108684
0.31276233708478063
0.32842340099743145
0.3108778890616874
0.34100223893926135
