0.11559054340931255
0.11757765658549056
0.11568820679625565
0.11748501545846535
0.11541038607958576
0.11577569037111089
0.11658910119419678
0.11650722928071536
0.11614130574771428
0.11550291960156692
0.11685679927349206
0.11561832518367914
0.11604854656025823
0.11603857828378851
0.1152352172191182
0.11757765658549056
0.11622872546774271
0.11559552656591324
0.11514261665520756
0.11559552656591324
0.1165626006708567
0.11784547285019088
0.1179381200052818
0.11775788542057218
0.1152352172191182
0.11685679927349206
0.11721721627029544
0.11667659958701701
0.11703201856341024
0.11640378310366986
