0.01071033470753218
0.01117679540020214
0.010255089003254338
0.010945279793130027
0.014597518864101714
0.008593254970529419
0.008863704622417276
0.01205950996839236
0.010043392639969569
0.007827301625791283
0.01022445777943412
0.010375119744557152
0.010060262099708199
0.010118583454334256
0.007715757368936754
0.008734357462762287
0.01108259940708054
0.008825135293225025
0.009365756557448087
0.01075074770192049
0.010534612102755291
0.008820975580112472
0.00900884563535491
0.008395218141046467
0.010860010058921012
0.010054319317578912
0.00902853940812801
0.008875580143158715
0.00918476551267146
0.009446050738951817
