0.07193387303266921
0.06759849175656664
0.07157096523133435
0.06769877916709391
0.0721122101540496
0.07200175149668267
0.06967361584614713
0.07070728556334034
0.07081068919500459
0.07186919456238318
0.06918087736886176
0.07417596491912246
0.07098471045530322
0.07152390744201723
0.07235424845329091
0.06728691026874445
0.07046250221585315
0.07150689442228969
0.07279103914537272
0.07175017584137683
0.07209015573098758
0.06694169942984277
0.06664282843938688
0.06698810028710364
0.07210565566682668
0.06901470385615661
0.06832307363300029
0.06939598894197625
0.06907808684017615
0.07029570727719864
