0.4794712574778768
0.5227504916232087
0.49768843993028106
0.504655202738868
0.5071955503646104
0.50389274207954
0.49551960275083157
0.49425443765657584
0.5029501639029575
0.5033599795721675
0.48705218708197856
0.4945016342339405
0.4851120537045847
0.5055614775370525
0.5006068802770559
0.48405321763169834
0.5022215145329291
0.46266846476949663
0.49147930082786007
0.49732751735745023
0.5091249516609176
0.5115102407705521
0.4996077968338445
0.49860048393611545
0.49806015806822335
0.49712170580127035
0.488987529297028
0.48189883525133936
0.49815018578076936
0.4883325056177637
