0.011875952447908315
0.007088957630296221
0.009669391772457034
0.00935728430151589
0.009040764462477922
0.0090688762119021
0.010013274512560946
0.010401236675772689
0.009048692016176566
0.008764889321870497
0.010893168487867581
0.009926924313032317
0.011265941366704158
0.008846175478065255
0.009357154574428215
0.011740186438748723
0.009047978935668768
0.014542691092184909
0.010425192498259154
0.010064220298355579
0.00858305144892604
0.008378233502062257
0.009675980569393127
0.009572290628849985
0.009654501446247805
0.010078377758583763
0.011017147410145178
0.012157756508115057
0.009627869061010246
0.011091484881354119
