0.0328267897532832
0.0317122547053486
0.03293764210081805
0.03291376152058463
0.029893084570776784
0.035039062080876135
0.034817102916154946
0.031882195829712134
0.03360102893148654
0.03544368124969462
0.03287479464512969
0.03277579153371562
0.03312778932903496
0.03279374333394634
0.03548982882777569
0.03414418710796181
0.03271789505047353
0.033948772939808074
0.0340501842348563
0.03256004823868327
0.03321368150102338
0.0350161477765143
0.033903300067941636
0.03553120370068822
0.032287945202743154
0.03326026907516576
0.03362926279341774
0.03431784299912767
0.03327042049441146
0.03332639353341708
