0.03307297228060995
0.03200384853907527
0.03501672280057125
0.03502370516600244
0.03346447551890426
0.0318512970102204
0.03447508847040127
0.03395026037269221
0.033768753276421655
0.03257248473380451
0.03482423104826833
0.03407665088045448
0.0325081329211506
0.031622675489126444
0.03284622049710494
0.032541655057076346
0.03411479440898449
0.03418195628769
0.033661368041710216
0.03282609315264166
0.03451575147416549
0.03299939354343411
0.03285040531432705
0.033301729745010014
0.03370888242376875
0.03325447183078792
0.0328499364050873
0.03307797102829727
0.033725016810718336
0.034158658383656865
