0.0023418856772856643
0.001007027744975187
0.005417129652593219
0.004189671593289351
0.002201704890177506
6.985224701875433E-4
0.0021622077647596334
0.005632550332239546
0.0035426753719183432
0.0019609299965622994
0.0023010032883328713
0.001309472293680597
0.0017773919426673824
0.006095487964188914
0.00252286423291452
0.0014101668492693409
0.0100091176772712
0.00349564967226341
0.002018548248984389
0.0012748393451399351
0.004616955913669245
0.0038169746073421123
0.012952269845762998
0.002735622638832049
4.198950775062577E-4
7.254002773701841E-4
0.0034703706346446974
0.0020488875154055196
0.012127583790846828
7.614367081955962E-4
