0.07159785145390421
0.07412324716881533
0.06750190604084605
0.06755781382606313
0.07134060313490502
0.07390342441178381
0.06864278909084512
0.06978058528959381
0.06986886116157565
0.07274007682171109
0.06785462828197399
0.06944699456135554
0.07286178050319118
0.0744196826477539
0.07175356316509802
0.07260653875887324
0.06921839080978226
0.06917191341755084
0.07015166947462327
0.07181393944402827
0.06853574354043442
0.0715241408033509
0.07181746593551593
0.07100970696265048
0.07009884452486916
0.071002285251173
0.07181746593551593
0.07122306881497813
0.06998164872522124
0.06916775279618621
