0.9772215715812173
0.9998489885787563
0.9786357851435634
0.9857068529552944
0.9871210665176405
0.9857068529552944
0.9772215715812173
0.9772215715812173
0.982878425830602
0.9800499987059096
0.9673220766447941
0.9743931444565248
0.9701505037694864
0.9871210665176405
0.9800499987059096
0.9687362902071402
0.9814642122682559
0.9475230867719474
0.9729789308941786
0.9786357851435634
0.9885352800799868
0.9913637072046791
0.9814642122682559
0.9772215715812173
0.9786357851435634
0.9814642122682559
0.9729789308941786
0.9659078630824479
0.9786357851435634
0.9743931444565248
