5.455848286002091E-4
2.2804443601008038E-8
3.9864213398610145E-4
2.0250392020189833E-4
1.5130023870480434E-4
2.343907530588812E-4
4.4660409143486453E-4
4.641638193137844E-4
2.4568897481568524E-4
3.273724530008617E-4
8.553040327055042E-4
5.54102639868484E-4
8.048768169761621E-4
2.3644804448311126E-4
3.415936951690585E-4
8.286656762596391E-4
2.8573773920390424E-4
0.0019221978080672798
6.04454530649444E-4
3.7441455645694795E-4
1.3418474320686446E-4
7.575272175208846E-5
3.079425339336613E-4
4.587665693564284E-4
3.7132939352507184E-4
3.684253413802662E-4
6.431090589054692E-4
9.658854607388499E-4
3.7415386882152173E-4
6.572383904298847E-4
