1.3816453667934552
1.4017568621046368
1.3816453667934547
1.4017568621046368
1.3796342172623368
1.3816453667934552
1.3917011144490454
1.3937122639801638
1.3876788153868092
1.3796342172623368
1.393712263980164
1.385667665855691
1.385667665855691
1.3876788153868094
1.3756119182001005
1.4017568621046368
1.3876788153868092
1.3796342172623368
1.3756119182001005
1.3796342172623368
1.3997457125735187
1.405779161166873
1.405779161166873
1.403768011635755
1.3756119182001005
1.393712263980164
1.3977345630424003
1.3917011144490459
1.3977345630424003
1.3896899649179277
