2.194459528994318
1.0469419922784604
1.0469419922784604
1.0469419922784604
1.0469419922784604
1.0469419922784604
2.194459528994318
1.0469419922784604
1.0469419922784604
2.483463945648682
1.429447837850413
1.0469419922784604
1.284945629523231
1.8119536834223655
4.489494602426033
1.429447837850413
1.0469419922784604
1.896954982438355
1.429447837850413
1.4719484873584077
1.8119536834223655
2.5684652446646714
1.8799547226351572
3.341977065710175
1.429447837850413
1.0469419922784604
1.8119536834223655
1.4889487471616056
1.429447837850413
2.194459528994318
