0.7964733563240731
0.7964733563240731
0.7964733563240731
0.5733154023306012
0.7964733563240731
0.6768371094235238
0.7964733563240731
0.7964733563240731
0.7964733563240731
0.6616241761977734
0.7964733563240731
0.7964733563240731
0.7964733563240731
0.72211381060917
0.7964733563240731
0.7964733563240731
0.7964733563240731
0.7221138106091306
0.7964733563240731
0.7964733563240731
0.7964733563240731
0.7964733563240731
0.7964733563240731
0.7964733563240731
0.7964733563240731
0.7964733563240731
0.7964733563240731
0.7221138106091696
0.7964733563240731
0.7964733563240731
