4.67095006518989E-11
5.612597715169766E-11
5.060584538434531E-23
2.1006885754448548E-14
0.0
2.516457478908943E-16
1.7965075111442174E-21
0.0025563599273197932
2.5302101612385372E-23
0.0
0.0
1.6264100528620298E-14
2.3019545563485265E-10
1.2651459806076113E-22
1.9298063600597963E-20
0.0
2.0242338153737215E-22
1.911527999722591E-12
2.7228657885043302E-21
0.0
0.0
2.5302922692138176E-23
0.0
2.44501664337851E-20
0.0
0.0
2.4572360860013237E-16
2.580898114601629E-21
0.0
0.0
