1.7772961647463088
2.8198470006866625
1.2120577597184061
1.2120577597184061
1.2120577597184061
1.2120577597184061
1.2120577597184061
1.2120577597184061
1.4883965355098252
1.2120577597184061
1.2120577597184061
1.2120577597184061
1.2120577597184061
1.2120577597184061
1.2120577597184061
1.2120577597184061
1.2120577597184061
1.5637616561802123
1.2120577597184061
1.2120577597184061
1.2120577597184061
1.2120577597184061
1.2120577597184061
1.2120577597184061
1.2120577597184061
1.2120577597184061
1.2120577597184061
1.2120577597184061
1.2120577597184061
1.2120577597184061
