0.19516910231134532
0.19516910231134532
0.19516910231134532
0.2510433995312167
0.19516910231134532
0.1847662973336488
0.19516910231134532
0.19516910231134532
0.19516910231134532
0.21572851289437028
0.19516910231134532
0.19516910231134532
0.19516910231134532
0.2225893594716647
0.19516910231134532
0.19516910231134532
0.19516910231134532
0.2225893594716634
0.19516910231134532
0.19516910231134532
0.19516910231134532
0.19516910231134532
0.19516910231134532
0.19516910231134532
0.19516910231134532
0.19516910231134532
0.19516910231134532
0.22258935947166464
0.19516910231134532
0.19516910231134532
