0.12203005980120815
0.12432785794260405
0.12432785794260405
0.12432785794260405
0.12432785794260405
0.12432785794260405
0.12203005980120815
0.12432785794260405
0.12432785794260405
0.12082972287557454
0.1240262374512403
0.12432785794260405
0.13048389156057935
0.12325207422288505
0.10756136112762103
0.12402623745139706
0.12432785794260405
0.12301818637652046
0.1241836827485524
0.12396320039121433
0.12332212082043405
0.12043405637750218
0.12306672039999728
0.11604583276350884
0.1240262374512403
0.12432785794260405
0.12325207422288505
0.12393635364649833
0.12402634116869048
0.12203005980120815
