0.22258935945741767
0.2956961890106966
0.19516910232217058
0.19516910232217058
0.19516910232217058
0.19516910232217058
0.19516910232217058
0.19516910232217058
0.20710596503732706
0.19516910232217058
0.19516910232217058
0.19516910232217058
0.1951690999656472
0.19516910232217058
0.19516910232217058
0.19516910232217058
0.19516910232217058
0.2079833010097472
0.19516910232217058
0.19516910232217058
0.19516910232217058
0.19516910232217058
0.19516910232217058
0.19516910232217058
0.19215193018209928
0.19516910232217058
0.19516910232217058
0.19516903898449695
0.19516910232217058
0.19516910232217044
