0.3026975043291476
0.19516910231134532
0.19516910231134532
0.19516910231134532
0.19516910231134532
0.19516910231134532
0.3026975043291476
0.19516910231134532
0.19516910231134532
0.33789698365132054
0.22258935947166467
0.19516910231134532
0.20834267910382515
0.2595976819876581
0.6092802193803569
0.22258935947145292
0.19516910231134532
0.2687457162388911
0.2223414137639675
0.22630343184577595
0.2595084726845059
0.3485692480476306
0.2668939026838075
0.4501883836541735
0.22258935947166467
0.19516910231134532
0.2595976819876581
0.2278205870783877
0.22258921002374912
0.3026975043291476
