0.21809544471091807
0.21809544471091807
0.21809544471091807
0.19240412294448234
0.21809544471091807
0.2187742307706902
0.21809544471091816
0.21809544471091816
0.21809544471091807
0.21060160159095376
0.21809544471091807
0.21809544471091807
0.21809544471091816
0.20678701433256375
0.21809544471091816
0.21809544471091807
0.21809544471091816
0.20678701433256444
0.21809544471091807
0.21809544471091816
0.21809544471091816
0.21809544471091807
0.21809544471091807
0.21809544471091807
0.21809544471091816
0.21809544471091816
0.21809544471091816
0.2067870143325637
0.21809544471091816
0.21809544471091807
