0.31451573217189155
0.09143709502718216
0.09143709502718216
0.09143709502718216
0.09143709502718216
0.09143709502718216
0.31451573217189155
0.09143709502718216
0.09143709502718216
0.37069850004537286
0.16579664074208503
0.09143709502718216
0.22541025437012527
0.24015618645698938
0.7606730064613104
0.16579664074208503
0.09143709502718216
0.25668052994919066
0.16579783033189033
0.17405881248818542
0.24015626202526738
0.38722284353757375
0.2533756612507495
0.5375943693166002
0.16579664074208503
0.09143709502718216
0.24015618645698938
0.17736368118662502
0.16579664074210607
0.31451573217189155
