0.7221138104091445
0.5849617596239043
0.7964733563240731
0.7964733563240731
0.7964733563240731
0.7964733563240731
0.7964733563240731
0.7964733563240731
0.7601198006412315
0.7964733563240731
0.7964733563240731
0.7964733563240731
0.7964732826502877
0.7964733563240731
0.7964733563240731
0.7964733563240731
0.7964733563240731
0.6050680502562094
0.7964733563240731
0.7964733563240731
0.7964733563240731
0.7964733563240731
0.7964733563240731
0.7964733563240731
0.7964733563240731
0.7964733563240731
0.7964733563240731
0.7964713969996166
0.7964733563240731
0.7964733563240717
