0.02398857685864763
0.01798676563153557
0.01798676563153557
0.01798676563153557
0.01798676563153557
0.01798676563153557
0.02398857685864763
0.01798676563153557
0.01798676563153557
0.02612538464804815
0.019409891970609456
0.01798676563153557
0.018344374266132668
0.02146438756600987
0.0437002994417625
0.019409891970585434
0.01798676563153557
0.021989952127042522
0.01938472206502083
0.019610093527657912
0.021453737177262334
0.026783807905968873
0.021883072858466107
0.03322924350255736
0.019409891970609456
0.01798676563153557
0.02146438756600987
0.019692303812751107
0.01940987505610127
0.02398857685864763
