0.058496083184621996
0.059394862333051704
0.04180600115027586
0.04586418288067395
0.010528712645061757
0.03533699919420497
0.034570288681762575
0.03910946984605598
0.02597418483348057
0.08514233372597799
0.08865389477233024
0.05529212793333903
0.0645172360821955
0.03956541637434876
0.03674006240851533
0.025802583159784696
0.06043911577974678
0.06486744308190309
0.024385679494436957
0.04128887920023208
0.025802583159784696
0.03370959634180579
0.06492795654764139
0.030352739832321077
0.04128887920023208
0.025802583159784696
0.027691064129683248
0.03370959634180579
0.05525691193169326
0.010859383386072728
