0.12379434905682146
0.09882215382038446
0.13058092785652448
0.13058092785652448
0.13058092785652448
0.13058092785652448
0.13058092785652448
0.13058092785652448
0.12840457484645407
0.13058092785652448
0.13058092785652448
0.13058092785652448
0.1305809294527173
0.13058092785652448
0.13058092785652448
0.13058092785652448
0.13058092785652448
0.12787278648958705
0.13058092785652448
0.13058092785652448
0.13058092785652448
0.13058092785652448
0.13058092785652448
0.13058092785652448
0.13529084949207112
0.13058092785652448
0.13058092785652448
0.13058096932528637
0.13058092785652448
0.1305809278565245
