0.16579664074208503
0.3029486917273507
0.09143709502718216
0.09143709502718216
0.09143709502718216
0.09143709502718216
0.09143709502718216
0.09143709502718216
0.1277906507100247
0.09143709502718216
0.09143709502718216
0.09143709502718216
0.09143709502718218
0.09143709502718216
0.09143709502718216
0.09143709502718216
0.09143709502718216
0.2388195330487975
0.09143709502718216
0.09143709502718216
0.09143709502718216
0.09143709502718216
0.09143709502718216
0.09143709502718216
0.09143709502718216
0.09143709502718216
0.09143709502718216
0.09143709502719234
0.09143709502718216
0.09143709502718216
