0.028602738272090217
0.0
0.5168585273823736
0.16747060683945506
0.8331966896264331
0.2914123795947927
0.5894607285531417
0.3051505269593271
0.6758918027435787
0.0
0.0
0.1215127957955194
0.0035739270233462986
0.539330637194485
0.2783499238005483
0.6776205377350141
0.33016715294325527
0.0
0.39203632870761157
0.5220443531112774
0.677620544260503
0.5981038477401335
0.285222933170875
0.6273346866819369
0.5220443988945712
0.677620544260503
0.6585975860393689
0.5981038477401379
0.0
0.8297394419516364
