0.27788618939083
0.41503824037609566
0.2035266436759269
0.2035266436759269
0.2035266436759269
0.2035266436759269
0.2035266436759269
0.2035266436759269
0.23988019935876842
0.2035266436759269
0.2035266436759269
0.2035266436759269
0.2035266436759269
0.2035266436759269
0.2035266436759269
0.2035266436759269
0.2035266436759269
0.4044341793925032
0.2035266436759269
0.2035266436759269
0.2035266436759269
0.2035266436759269
0.2035266436759269
0.2035266436759269
0.2035266436759269
0.2035266436759269
0.2035266436759269
0.2035266436759269
0.2035266436759269
0.2035266436759269
