0.835
1.913955242241553
2.6024657642710673
1.6674514750951834
1.0469419922784604
1.284945629523231
2.2454603084039118
2.049957320667136
1.8204538133239645
3.5884808328565447
3.809484210298117
2.049957320667136
0.984
2.491964075550281
1.6674514750951834
1.8119536834223655
3.5204797936437533
1.0
0.953440563360872
2.5769653745662704
1.8119536834223655
2.2029596588959173
3.741483171085326
2.01595680106074
2.5769653745662704
1.8119536834223655
1.9054551123399541
2.2029596588959173
1.0
1.0639422520816584
