0.17284011299592758
0.21809544471091816
0.21809544471091807
0.21809544471091816
0.21809544471091807
0.21809544471091816
0.1728401129959276
0.21809544471091807
0.21809544471091816
0.1625944146067864
0.20678701433256375
0.21809544471091816
0.21185296773658677
0.18911980263188188
0.12606627497010153
0.20678701433269298
0.21809544471091807
0.18526844723637678
0.20689029745357201
0.20491254802223174
0.1891029432965406
0.15992425516344388
0.18603040686791775
0.14140269738352126
0.20678701433256375
0.21809544471091816
0.18911980263188188
0.20414672996235572
0.20678702115540384
0.1728401129959276
