0.5733947191793638
0.7964733563240731
0.7964733563240731
0.7964733563240731
0.7964733563240731
0.7964733563240731
0.5733947191793638
0.7964733563240731
0.7964733563240731
0.5172119513058815
0.72211381060917
0.7964733563240731
0.38588307896726737
0.6477542648942669
0.12723744374480836
0.7221138106023965
0.7964733563240731
0.6312299214020662
0.7149071147792905
0.7138516388630697
0.6447551626478064
0.5006876078136808
0.6345347901005063
0.35031605600616966
0.72211381060917
0.7964733563240731
0.6477542648942669
0.7105467701646295
0.7221090302157438
0.5733947191793638
