0.13156051875569116
0.23494336199235097
0.07650572298894415
0.07650572298894415
0.07650572298894415
0.07650572298894415
0.07650572298894415
0.07650572298894415
0.10322319459724999
0.07650572298894415
0.07650572298894415
0.07650572298894415
0.07650572298894415
0.07650572298894415
0.07650572298894415
0.07650572298894415
0.07650572298894415
0.11962763944150287
0.07650572298894415
0.07650572298894415
0.07650572298894415
0.07650572298894415
0.07650572298894415
0.07650572298894415
0.07650572298894415
0.07650572298894415
0.07650572298894415
0.07650572298894415
0.07650572298894415
0.07650572298894415
