0.12087192386237158
0.12087192386237158
0.12087192386237158
0.12087192386237158
0.12087192386237158
0.12087192386237158
0.12087192386237158
0.12087192386237158
0.12087192386237158
0.12087192386237158
0.12087192386237158
0.12087192386237158
0.12087192386237158
0.12087192386237158
0.12087192386237158
0.12087192386237158
0.12087192386237158
0.12087192386237158
0.12087192386237158
0.12087192386237158
0.12087192386237158
0.12087192386237158
0.12087192386237158
0.12087192386237158
0.12087192386237158
0.12087192386237158
0.12087192386237158
0.12087192386237158
0.12087192386237158
0.12087192386237158
