0.1223820946249866
0.1223820946249866
0.1223820946249866
0.1223820946249866
0.1223820946249866
0.1223820946249866
0.1223820946249866
0.1223820946249866
0.1223820946249866
0.1223820946249866
0.1223820946249866
0.1223820946249866
0.1223820946249866
0.1223820946249866
0.1223820946249866
0.1223820946249866
0.1223820946249866
0.1223820946249866
0.1223820946249866
0.1223820946249866
0.1223820946249866
0.1223820946249866
0.1223820946249866
0.1223820946249866
0.1223820946249866
0.1223820946249866
0.1223820946249866
0.1223820946249866
0.1223820946249866
0.1223820946249866
