0.32364367935337185
0.32364367935337185
0.32364367935337185
0.32364367935337185
0.32364367935337185
0.32364367935337185
0.32364367935337185
0.32364367935337185
0.32364367935337185
0.32364367935337185
0.32364367935337185
0.32364367935337185
0.32364367935337185
0.32364367935337185
0.32364367935337185
0.32364367935337185
0.32364367935337185
0.32364367935337185
0.32364367935337185
0.32364367935337185
0.32364367935337185
0.32364367935337185
0.32364367935337185
0.32364367935337185
0.32364367935337185
0.32364367935337185
0.32364367935337185
0.32364367935337185
0.32364367935337185
0.32364367935337185
