0.01612781750052068
0.01612781750052068
0.01612781750052068
0.01612781750052068
0.01612781750052068
0.01612781750052068
0.01612781750052068
0.01612781750052068
0.01612781750052068
0.01612781750052068
0.01612781750052068
0.01612781750052068
0.01612781750052068
0.01612781750052068
0.01612781750052068
0.01612781750052068
0.01612781750052068
0.01612781750052068
0.01612781750052068
0.01612781750052068
0.01612781750052068
0.01612781750052068
0.01612781750052068
0.01612781750052068
0.01612781750052068
0.01612781750052068
0.01612781750052068
0.01612781750052068
0.01612781750052068
0.01612781750052068
