1.0112880934693662
1.0112880934693662
1.0112880934693662
1.0112880934693662
1.0112880934693662
1.0112880934693662
1.0112880934693662
1.0112880934693662
1.0112880934693662
1.0112880934693662
1.0112880934693662
1.0112880934693662
1.0112880934693662
1.0112880934693662
1.0112880934693662
1.0112880934693662
1.0112880934693662
1.0112880934693662
1.0112880934693662
1.0112880934693662
1.0112880934693662
1.0112880934693662
1.0112880934693662
1.0112880934693662
1.0112880934693662
1.0112880934693662
1.0112880934693662
1.0112880934693662
1.0112880934693662
1.0112880934693662
