0.08253199064629838
0.08253199064629838
0.08253199064629838
0.08253199064629838
0.08253199064629838
0.08253199064629838
0.08253199064629838
0.08253199064629838
0.08253199064629838
0.08253199064629838
0.08253199064629838
0.08253199064629838
0.08253199064629838
0.08253199064629838
0.08253199064629838
0.08253199064629838
0.08253199064629838
0.08253199064629838
0.08253199064629838
0.08253199064629838
0.08253199064629838
0.08253199064629838
0.08253199064629838
0.08253199064629838
0.08253199064629838
0.08253199064629838
0.08253199064629838
0.08253199064629838
0.08253199064629838
0.08253199064629838
