0.32820181630059025
0.32820181630059025
0.32820181630059025
0.32820181630059025
0.32820181630059025
0.32820181630059025
0.32820181630059025
0.32820181630059025
0.32820181630059025
0.32820181630059025
0.32820181630059025
0.32820181630059025
0.32820181630059025
0.32820181630059025
0.32820181630059025
0.32820181630059025
0.32820181630059025
0.32820181630059025
0.32820181630059025
0.32820181630059025
0.32820181630059025
0.32820181630059025
0.32820181630059025
0.32820181630059025
0.32820181630059025
0.32820181630059025
0.32820181630059025
0.32820181630059025
0.32820181630059025
0.32820181630059025
