0.08253199060739201
0.08253199060739201
0.08253199060739201
0.08253199060739201
0.08253199060739201
0.08253199060739201
0.08253199060739201
0.08253199060739201
0.08253199060739201
0.08253199060739201
0.08253199060739201
0.08253199060739201
0.08253199060739201
0.08253199060739201
0.08253199060739201
0.08253199060739201
0.08253199060739201
0.08253199060739201
0.08253199060739201
0.08253199060739201
0.08253199060739201
0.08253199060739201
0.08253199060739201
0.08253199060739201
0.08253199060739201
0.08253199060739201
0.08253199060739201
0.08253199060739201
0.08253199060739201
0.08253199060739201
