0.01955280602073332
0.01955280602073332
0.01955280602073332
0.01955280602073332
0.01955280602073332
0.01955280602073332
0.01955280602073332
0.01955280602073332
0.01955280602073332
0.01955280602073332
0.01955280602073332
0.01955280602073332
0.01955280602073332
0.01955280602073332
0.01955280602073332
0.01955280602073332
0.01955280602073332
0.01955280602073332
0.01955280602073332
0.01955280602073332
0.01955280602073332
0.01955280602073332
0.01955280602073332
0.01955280602073332
0.01955280602073332
0.01955280602073332
0.01955280602073332
0.01955280602073332
0.01955280602073332
0.01955280602073332
