0.08249098883679612
0.08249098883679612
0.08249098883679612
0.08249098883679612
0.08249098883679612
0.08249098883679612
0.08249098883679612
0.08249098883679612
0.08249098883679612
0.08249098883679612
0.08249098883679612
0.08249098883679612
0.08249098883679612
0.08249098883679612
0.08249098883679612
0.08249098883679612
0.08249098883679612
0.08249098883679612
0.08249098883679612
0.08249098883679612
0.08249098883679612
0.08249098883679612
0.08249098883679612
0.08249098883679612
0.08249098883679612
0.08249098883679612
0.08249098883679612
0.08249098883679612
0.08249098883679612
0.08249098883679612
