0.015707106464623553
0.015707106464623553
0.015707106464623553
0.015707106464623553
0.015707106464623553
0.015707106464623553
0.015707106464623553
0.015707106464623553
0.015707106464623553
0.015707106464623553
0.015707106464623553
0.015707106464623553
0.015707106464623553
0.015707106464623553
0.015707106464623553
0.015707106464623553
0.015707106464623553
0.015707106464623553
0.015707106464623553
0.015707106464623553
0.015707106464623553
0.015707106464623553
0.015707106464623553
0.015707106464623553
0.015707106464623553
0.015707106464623553
0.015707106464623553
0.015707106464623553
0.015707106464623553
0.015707106464623553
