0.32364367938217137
0.32364367938217137
0.32364367938217137
0.32364367938217137
0.32364367938217137
0.32364367938217137
0.32364367938217137
0.32364367938217137
0.32364367938217137
0.32364367938217137
0.32364367938217137
0.32364367938217137
0.32364367938217137
0.32364367938217137
0.32364367938217137
0.32364367938217137
0.32364367938217137
0.32364367938217137
0.32364367938217137
0.32364367938217137
0.32364367938217137
0.32364367938217137
0.32364367938217137
0.32364367938217137
0.32364367938217137
0.32364367938217137
0.32364367938217137
0.32364367938217137
0.32364367938217137
0.32364367938217137
