0.10588014460361504
0.10588014460361504
0.10588014460361504
0.10588014460361504
0.10588014460361504
0.10588014460361504
0.10588014460361504
0.10588014460361504
0.10588014460361504
0.10588014460361504
0.10588014460361504
0.10588014460361504
0.10588014460361504
0.10588014460361504
0.10588014460361504
0.10588014460361504
0.10588014460361504
0.10588014460361504
0.10588014460361504
0.10588014460361504
0.10588014460361504
0.10588014460361504
0.10588014460361504
0.10588014460361504
0.10588014460361504
0.10588014460361504
0.10588014460361504
0.10588014460361504
0.10588014460361504
0.10588014460361504
