0.27454158078891994
0.27454158078891994
0.27454158078891994
0.27454158078891994
0.27454158078891994
0.27454158078891994
0.27454158078891994
0.27454158078891994
0.27454158078891994
0.27454158078891994
0.27454158078891994
0.27454158078891994
0.27454158078891994
0.27454158078891994
0.27454158078891994
0.27454158078891994
0.27454158078891994
0.27454158078891994
0.27454158078891994
0.27454158078891994
0.27454158078891994
0.27454158078891994
0.27454158078891994
0.27454158078891994
0.27454158078891994
0.27454158078891994
0.27454158078891994
0.27454158078891994
0.27454158078891994
0.27454158078891994
