0.9356661214879308
0.9356661214879308
0.9356661214879308
0.9356661214879308
0.9356661214879308
0.9356661214879308
0.9356661214879308
0.9356661214879308
0.9356661214879308
0.9356661214879308
0.9356661214879308
0.9356661214879308
0.9356661214879308
0.9356661214879308
0.9356661214879308
0.9356661214879308
0.9356661214879308
0.9356661214879308
0.9356661214879308
0.9356661214879308
0.9356661214879308
0.9356661214879308
0.9356661214879308
0.9356661214879308
0.9356661214879308
0.9356661214879308
0.9356661214879308
0.9356661214879308
0.9356661214879308
0.9356661214879308
