0.011237101403244824
0.011237101403244824
0.011237101403244824
0.011237101403244824
0.011237101403244824
0.011237101403244824
0.011237101403244824
0.011237101403244824
0.011237101403244824
0.011237101403244824
0.011237101403244824
0.011237101403244824
0.011237101403244824
0.011237101403244824
0.011237101403244824
0.011237101403244824
0.011237101403244824
0.011237101403244824
0.011237101403244824
0.011237101403244824
0.011237101403244824
0.011237101403244824
0.011237101403244824
0.011237101403244824
0.011237101403244824
0.011237101403244824
0.011237101403244824
0.011237101403244824
0.011237101403244824
0.011237101403244824
