1.0004927481072292
1.0004927481072292
1.0004927481072292
1.0004927481072292
1.0004927481072292
1.0004927481072292
1.0004927481072292
1.0004927481072292
1.0004927481072292
1.0004927481072292
1.0004927481072292
1.0004927481072292
1.0004927481072292
1.0004927481072292
1.0004927481072292
1.0004927481072292
1.0004927481072292
1.0004927481072292
1.0004927481072292
1.0004927481072292
1.0004927481072292
1.0004927481072292
1.0004927481072292
1.0004927481072292
1.0004927481072292
1.0004927481072292
1.0004927481072292
1.0004927481072292
1.0004927481072292
1.0004927481072292
