0.07371632131203297
0.07371632131203297
0.07371632131203297
0.07371632131203297
0.07371632131203297
0.07371632131203297
0.07371632131203297
0.07371632131203297
0.07371632131203297
0.07371632131203297
0.07371632131203297
0.07371632131203297
0.07371632131203297
0.07371632131203297
0.07371632131203297
0.07371632131203297
0.07371632131203297
0.07371632131203297
0.07371632131203297
0.07371632131203297
0.07371632131203297
0.07371632131203297
0.07371632131203297
0.07371632131203297
0.07371632131203297
0.07371632131203297
0.07371632131203297
0.07371632131203297
0.07371632131203297
0.07371632131203297
