0.2760576519291572
0.2760576519291572
0.2760576519291572
0.2760576519291572
0.2760576519291572
0.2760576519291572
0.2760576519291572
0.2760576519291572
0.2760576519291572
0.2760576519291572
0.2760576519291572
0.2760576519291572
0.2760576519291572
0.2760576519291572
0.2760576519291572
0.2760576519291572
0.2760576519291572
0.2760576519291572
0.2760576519291572
0.2760576519291572
0.2760576519291572
0.2760576519291572
0.2760576519291572
0.2760576519291572
0.2760576519291572
0.2760576519291572
0.2760576519291572
0.2760576519291572
0.2760576519291572
0.2760576519291572
