0.07312231885965478
0.07312231885965478
0.07312231885965478
0.07312231885965478
0.07312231885965478
0.07312231885965478
0.07312231885965478
0.07312231885965478
0.07312231885965478
0.07312231885965478
0.07312231885965478
0.07312231885965478
0.07312231885965478
0.07312231885965478
0.07312231885965478
0.07312231885965478
0.07312231885965478
0.07312231885965478
0.07312231885965478
0.07312231885965478
0.07312231885965478
0.07312231885965478
0.07312231885965478
0.07312231885965478
0.07312231885965478
0.07312231885965478
0.07312231885965478
0.07312231885965478
0.07312231885965478
0.07312231885965478
