0.13861921902049854
0.13861921902049854
0.13861921902049854
0.13861921902049854
0.13861921902049854
0.13861921902049854
0.13861921902049854
0.13861921902049854
0.13861921902049854
0.13861921902049854
0.13861921902049854
0.13861921902049854
0.13861921902049854
0.13861921902049854
0.13861921902049854
0.13861921902049854
0.13861921902049854
0.13861921902049854
0.13861921902049854
0.13861921902049854
0.13861921902049854
0.13861921902049854
0.13861921902049854
0.13861921902049854
0.13861921902049854
0.13861921902049854
0.13861921902049854
0.13861921902049854
0.13861921902049854
0.13861921902049854
