0.01602993969182919
0.01602993969182919
0.01602993969182919
0.01602993969182919
0.01602993969182919
0.01602993969182919
0.01602993969182919
0.01602993969182919
0.01602993969182919
0.01602993969182919
0.01602993969182919
0.01602993969182919
0.01602993969182919
0.01602993969182919
0.01602993969182919
0.01602993969182919
0.01602993969182919
0.01602993969182919
0.01602993969182919
0.01602993969182919
0.01602993969182919
0.01602993969182919
0.01602993969182919
0.01602993969182919
0.01602993969182919
0.01602993969182919
0.01602993969182919
0.01602993969182919
0.01602993969182919
0.01602993969182919
