0.04957082067823556
0.04957082067823556
0.04957082067823556
0.04957082067823556
0.04957082067823556
0.04957082067823556
0.04957082067823556
0.04957082067823556
0.04957082067823556
0.04957082067823556
0.04957082067823556
0.04957082067823556
0.04957082067823556
0.04957082067823556
0.04957082067823556
0.04957082067823556
0.04957082067823556
0.04957082067823556
0.04957082067823556
0.04957082067823556
0.04957082067823556
0.04957082067823556
0.04957082067823556
0.04957082067823556
0.04957082067823556
0.04957082067823556
0.04957082067823556
0.04957082067823556
0.04957082067823556
0.04957082067823556
