0.1923200446636057
0.1923200446636057
0.1923200446636057
0.1923200446636057
0.1923200446636057
0.1923200446636057
0.1923200446636057
0.1923200446636057
0.1923200446636057
0.1923200446636057
0.1923200446636057
0.1923200446636057
0.1923200446636057
0.1923200446636057
0.1923200446636057
0.1923200446636057
0.1923200446636057
0.1923200446636057
0.1923200446636057
0.1923200446636057
0.1923200446636057
0.1923200446636057
0.1923200446636057
0.1923200446636057
0.1923200446636057
0.1923200446636057
0.1923200446636057
0.1923200446636057
0.1923200446636057
0.1923200446636057
