0.8036036036036036
0.472072072072072
0.8576576576576577
0.6054054054054054
0.5882882882882883
0.7243243243243243
0.7288288288288288
0.28828828828828834
0.8504504504504504
0.43513513513513513
0.6486486486486487
0.7405405405405405
0.5675675675675675
0.8342342342342304
0.7225225225225225
0.636936936936937
0.5153153153153154
0.0
0.7108108108108109
0.6378378378378378
0.39549549549549556
0.8315315315315315
0.6774774774774774
0.7387387387387387
0.6198198198198198
0.7711711711711712
0.36036036036036034
0.6549549549549549
0.5945945945945945
0.0
