0.5675675675675675
0.5675675675675675
0.45765765765765765
0.5675675675675675
0.5675675675675675
0.30180180180180183
0.5675675675675675
0.5675675675675675
0.5306306306306307
0.46216216216216216
0.3027027027027027
0.46126126126126127
0.5675675675675675
0.27837837837837837
0.2981981981981982
0.12432432432432433
0.24144144144144145
0.6171171171171171
0.3225225225225225
0.11711711711711711
0.34954954954954953
0.25405405405405407
0.5675675675675675
0.3441441441441442
0.5675675675675675
0.5675675675675675
0.46396396396396394
0.4837837837837838
0.5180180180180181
0.3657657657657658
