0.1960755628255288
0.5276070943570603
0.14202150877147474
0.3942737610237269
0.4113908781408441
0.27535484210480804
0.2708503376003035
0.711390878140844
0.14922871597868193
0.5645440312939972
0.3510305177804837
0.2591386258885918
0.4321115988615648
0.16544493219489814
0.2771566439066098
0.36274222949219537
0.484363851113817
0.9996791664291323
0.2888683556183215
0.36184132859129453
0.6041836709336368
0.16814763489760085
0.32220168895165485
0.2609404276903936
0.37985934660931253
0.2285079952579612
0.639318806068772
0.34472421147417737
0.4050845718345378
0.9999968329378229
