1.018781936237959
0.5435346963895569
0.5371175350975946
0.7260063346034774
0.7400421287083968
0.2619580011251482
0.543534696389557
0.6804773820451118
0.7502717354517138
0.3315493982245644
0.6055489138101537
1.033686834631398
0.7279910242314959
0.7502717354517138
0.752338006840143
0.5890669617312557
0.41428917360084805
0.6697565336057778
0.5234181325412524
0.6697565336057778
0.5371175350975946
0.41026737564836013
0.872144272058429
0.30001006761237425
0.5308201747005074
0.40631471059993635
0.7502717354517138
0.7299825217587398
0.5435346963895569
0.7220573728841414
