0.43243243243243246
0.43243243243243246
0.5423423423423424
0.43243243243243246
0.43243243243243246
0.6981981981981981
0.43243243243243246
0.43243243243243246
0.46936936936936935
0.5378378378378379
0.6972972972972972
0.5387387387387388
0.43243243243243246
0.7216216216216216
0.7018018018018017
0.8756756756756756
0.7585585585585567
0.38288288288288286
0.6774774774774762
0.8828828828828829
0.6504504504504505
0.7459459459459458
0.43243243243243246
0.6558558558558558
0.43243243243243246
0.43243243243243246
0.5360360360360361
0.5162162162162163
0.48198198198198194
0.6342342342342342
