0.026563611937912266
0.50508676654519
0.5150881071531715
0.27905952213005325
0.26505820821700043
0.3208807433453285
0.50508676654519
0.3270645382519097
0.25505732258019886
1.0051576907997035
0.4170752995200301
0.005774523171674338
0.2770593295608116
0.25505732258019886
0.25305715128337114
0.4390781010325422
0.7551215510960774
0.3390658889793738
0.5370910774304966
0.3390658889793738
0.5150881071531715
0.7651229795081599
0.14705308559045063
0.27268218923446413
0.5250894538459173
0.7751244097763565
0.25505732258019886
0.27505913855503755
0.50508676654519
0.2830599118263642
