0.10711820836658001
0.00608503882173263
0.005985694076036983
0.0102504897773958
0.010744912723020321
0.006829008023082021
0.00608503882173263
0.008879697461839522
0.01113170147052573
0.003547215769908479
0.00716626461326472
0.5517648382691999
0.010318028566690226
0.01113170147052573
0.01121277172301912
0.006855032100610306
0.004394196635761097
0.008598197476423621
0.0057802354777775535
0.008598197476423621
0.005985694076036983
0.004349644389138004
0.018729312432946323
0.007878188890443455
0.005890156438735132
0.004306246588218726
0.01113170147052573
0.010386560487927167
0.00608503882173263
0.01011830657734117
