0.07093952166931503
0.07093952166931503
0.06264494986598258
0.07093952166931503
0.07093952166931503
0.052566937941714346
0.07093952166931503
0.07093952166931503
0.06806878311206808
0.06296903734026778
0.0526176053764448
0.06290409792793805
0.07093952166931503
0.051287025032736584
0.05236531254512537
0.04502035136933751
0.04942491773094251
0.07490103337725898
0.053758032192539294
0.04483418584619577
0.05538853358305409
0.0500382031054371
0.07093952166931503
0.05505578772817996
0.07093952166931503
0.07093952166931503
0.06309909772428543
0.06454533477598079
0.0671065097863021
0.0564057693572662
