0.4310770764041213
1.1671814224525232
0.31106279125874275
0.8711382222129872
0.9091437241098493
0.6071006876769472
0.5970993019763202
1.5752417140695725
0.3270645382519097
1.2491934915114935
0.7751244097763565
0.5710957179458853
0.9551504055303144
0.3630686796214153
0.6111012430078556
0.8011281366614407
1.0711673382962266
2.21533697355609
0.6371048663740434
0.7991278495759581
1.3372064755627195
0.36906939374785414
0.711115290118405
0.5750962674701664
0.8391336030451955
0.5030864991856998
1.4152180069174263
0.761122407916497
0.8951416951254122
0.535768817125168
