0.37276807332786627
0.12070263056348979
0.46378899367468684
0.18063340316700582
0.17090306415440415
0.27402395112534356
0.2786915847949593
0.07585960790229815
0.45043725613870456
0.10909885157344208
0.20882176116568885
0.2913082957282862
0.16006237001357915
0.4217609883230627
0.27218485753301297
0.20063246571564955
0.13662540795588737
0.04271234650158041
0.2606090249114203
0.20124698209521683
0.0983335909372247
0.4171681607993406
0.2309716259716651
0.2893208714760862
0.1894230424564231
0.32784498638966747
0.09001856209368608
0.2134173510885931
0.17440219299658746
0.04280528656485715
