0.9858558558558559
0.7702702702702703
0.7657657657657657
0.872072072072072
0.8783783783783784
0.39925373134328357
0.7702702702702703
0.8504504504504504
0.8828828828828829
0.545045045045045
0.8099099099099099
0.9954954954954955
0.8729729729729729
0.8828828828828829
0.8837837837837837
0.8
0.6576576576576575
0.8450450450450451
0.7558558558558559
0.8450450450450451
0.7657657657657657
0.6531531531531531
0.9315315315315316
0.48880597014925375
0.7612612612612613
0.6486486486486487
0.8828828828828829
0.8738738738738738
0.7702702702702703
0.8702702702702703
