13.41838878675212
13.41838878675212
10.803743612889539
13.41838878675212
13.41838878675212
7.0960986198029765
13.41838878675212
13.41838878675212
12.539696276713787
10.910901145402528
7.117530045529402
10.889469638423215
13.41838878675212
6.538881876096888
7.010372925538614
2.8741488587786668
5.660195534189105
14.59712297054806
7.589021613466377
2.702703673850711
8.231965197371355
5.960234510748969
13.41838878675212
8.103376437074509
13.41838878675212
13.41838878675212
10.953764160066434
11.425257380523394
12.239654989019815
8.617731593225825
