0.25976759320632326
5.381850961510737
5.489002458778343
2.9603494841460845
2.810360023303068
3.58315250777169
5.381850961510737
3.474619718141328
2.7032268350737443
10.73958075579642
4.438930979880635
0.06366253134289081
2.9389222213869495
2.7032268350737443
2.6818004337594203
4.674658366802779
8.06068894500034
3.6031911740615574
5.724736587934123
3.6031911740615574
5.489002458778343
8.16784393646541
1.5464060476858743
3.0466972626480993
5.596154198760882
8.274999001578944
2.7032268350737443
2.9174950218588154
5.381850961510737
3.0032041939436644
