0.9954774774774775
0.9547747747747748
0.7288288288288288
0.9628828828828829
0.8567567567567568
0.8828828828828829
0.7702702702702703
0.8558558558558559
0.8729729729729729
0.8783783783783784
0.910990990990991
0.8684684684684685
0.8738738738738738
0.7891891891891892
0.8828828828828829
0.011194029850746245
0.7657657657657657
0.8369369369369369
0.7702702702702703
0.8828828828828829
0.9954774774774775
0.9448648648648649
0.9742342342342343
0.7522522522522522
0.7702702702702703
0.7342342342342343
0.7702702702702703
0.8585585585585586
0.8504504504504504
0.7702702702702703
