2.4675413582134045
8.06068895449436
2.8746408215276436
8.06068895449436
5.59615420534953
3.388906174745263
3.3674778890654022
5.59615420534953
5.684721292399764
5.59615420534953
1.829127938602956
5.59615420534953
3.6674773782272436
4.010341714581813
0.06366253083923003
5.684721292399764
8.06068895449436
3.0246316419247834
4.631798697067063
5.489002465240631
2.917495025285804
0.06406807836603673
0.06366253083923003
10.739580768447459
3.7531927645126943
3.388906174745263
8.06068895449436
3.346049645417008
3.0889143184926797
0.06374240562264208
