0.004201688951654895
0.04490439165435759
0.2708503376003035
0.03679628354624949
0.14292240967237563
0.11679628354624949
0.22940889615886212
0.14382331057327652
0.1267061934561594
0.121300788050754
0.08868817543814139
0.1312106979606639
0.1258052925552585
0.21048997723994317
0.11679628354624949
0.9888028030870767
0.2339134006633666
0.16274222949219544
0.22940889615886212
0.11679628354624949
0.004201688951654895
0.054814301564267504
0.02544493219489814
0.24742691417688012
0.22940889615886212
0.2654449321948981
0.22940889615886212
0.14112060787057382
0.14922871597868193
0.22940889615886212
