0.002989674133359384
0.002989674133359384
0.003471384740332505
0.002989674133359384
0.002989674133359384
0.004763050516750735
0.002989674133359384
0.002989674133359384
0.0031291493658930723
0.003447105429255895
0.004751717571518017
0.003451923064352526
0.002989674133359384
0.005083780419208877
0.004809075172695097
0.010290704157901643
0.005717839850653681
0.002828944854649207
0.004518586098565749
0.010879845516927087
0.004243715538171204
0.0054803143328677716
0.002989674133359384
0.00429520034448514
0.002989674133359384
0.002989674133359384
0.003437526714436644
0.0033369043397961365
0.0031813616604980596
0.004098479613296575
