0.014144144144144145
0.22972972972972974
0.23423423423423423
0.12792792792792793
0.12162162162162163
0.6007462686567164
0.22972972972972974
0.14954954954954955
0.11711711711711711
0.45495495495495497
0.1900900900900901
0.0045045045045045045
0.12702702702702703
0.11711711711711711
0.11621621621621622
0.19999999999999998
0.34234234234234234
0.15495495495495495
0.24414414414414415
0.15495495495495495
0.23423423423423423
0.34684684684684686
0.06846846846846846
0.5111940298507462
0.23873873873873874
0.35135135135135137
0.11711711711711711
0.12612612612612611
0.22972972972972974
0.12972972972972974
