0.43109943372163206
1.167189679903092
0.3110937737397993
0.8711492858026086
0.9091543252068433
0.6071165628870698
0.5971154430883527
1.5752478324691757
0.3270940050443045
1.2492012068472678
0.7751368437799456
0.5711125939866097
0.9551604960103329
0.36309522452935944
0.6111170142941009
0.8011401670772889
1.0711763358974151
2.2153413241211126
0.6371199939661902
0.7991399101045352
1.337213683089154
0.36909550709185923
0.7111288433147479
0.5751130261193113
0.83914508859529
0.5031056565145253
1.4152248171429624
0.7611350706586789
0.8951524620454262
0.5358077745611716
