6.260273771256498
0.3995215153336615
0.036629506547727834
2.7669955114369995
2.316955985729223
3.902833532186478
5.638764190783474
5.795695863573908
0.6884970631499566
4.331456428206543
8.167670814695875
5.381588208859689
2.80985680929752
3.045594871402067
5.488744835847564
0.03499610633252222
5.703058226043127
5.381588208859689
0.03499610633252222
3.1313181456139576
3.34562700240491
3.367057935790526
0.1501721727443294
5.381588208859689
3.0027332984031276
5.907508247901097
5.488744835847564
0.035141199469322634
5.59590150911154
5.510176166884666
