4.79E-114 7.41E-121 7.83E-98 1.28E-81 3.23E-88 2.09E-65 3.41E-49 5.57E-33 9.09E-17 1.48 
1.89E-119 7.14E-114 1.17E-97 1.9E-81 7.55E-87 3.11E-65 5.08E-49 8.29E-33 1.35E-16 2.21 
4.8E-114 7.42E-121 7.83E-98 1.28E-81 2.53E-88 2.09E-65 3.41E-49 5.57E-33 9.1E-17 1.49 
1.1E-106 9.03E-99 1.48E-82 8.5E-82 5.36E-98 1.41E-65 2.3E-49 3.76E-33 6.13E-17 1.0 
5.89E-107 7.69E-99 1.26E-82 8.52E-82 5.36E-98 1.41E-65 2.3E-49 3.75E-33 6.12E-17 1.0 
1.41E-106 9.2E-99 1.5E-82 8.48E-82 5.36E-98 1.41E-65 2.3E-49 3.75E-33 6.12E-17 1.0 
3.8E-107 4.1E-99 6.69E-83 8.58E-82 5.36E-98 1.41E-65 2.3E-49 3.75E-33 6.12E-17 1.0 
5.76E-108 6.0E-100 9.79E-84 8.61E-82 5.36E-98 1.41E-65 2.3E-49 3.75E-33 6.12E-17 1.0 
7.49E-107 6.16E-99 1.01E-82 8.55E-82 5.36E-98 1.41E-65 2.3E-49 3.75E-33 6.12E-17 1.0 
9.88E-107 8.13E-99 1.33E-82 8.51E-82 5.36E-98 1.41E-65 2.3E-49 3.75E-33 6.12E-17 1.0 
2.12E-107 2.21E-99 3.61E-83 8.6E-82 5.36E-98 1.41E-65 2.3E-49 3.75E-33 6.12E-17 1.0 
3.41E-116 7.25E-114 1.18E-97 1.93E-81 6.86E-87 3.16E-65 5.16E-49 8.42E-33 1.38E-16 2.25 
8.33E-117 7.25E-114 1.18E-97 1.93E-81 6.86E-87 3.16E-65 5.16E-49 8.43E-33 1.38E-16 2.25 
