0.518776357706375
0.518776357706375
0.518776357706375
0.518776357706375
0.518776357706375
0.518776357706375
0.518776357706375
0.518776357706375
0.518776357706375
0.518776357706375
0.518776357706375
0.518776357706375
0.518776357706375
0.518776357706375
0.518776357706375
0.518776357706375
0.518776357706375
0.518776357706375
0.518776357706375
0.518776357706375
0.518776357706375
0.518776357706375
0.518776357706375
0.518776357706375
0.518776357706375
0.518776357706375
0.518776357706375
0.518776357706375
0.518776357706375
0.518776357706375
