0.06571179775120162
0.06571179775120162
0.06571179775120162
0.06571179775120162
0.06571179775120162
0.06571179775120162
0.06571179775120162
0.06571179775120162
0.06571179775120162
0.06571179775120162
0.06571179775120162
0.06571179775120162
0.06571179775120162
0.06571179775120162
0.06571179775120162
0.06571179775120162
0.06571179775120162
0.06571179775120162
0.06571179775120162
0.06571179775120162
0.06571179775120162
0.06571179775120162
0.06571179775120162
0.06571179775120162
0.06571179775120162
0.06571179775120162
0.06571179775120162
0.06571179775120162
0.06571179775120162
0.06571179775120162
