0.0657117977974482
0.0657117977974482
0.0657117977974482
0.0657117977974482
0.0657117977974482
0.0657117977974482
0.0657117977974482
0.0657117977974482
0.0657117977974482
0.0657117977974482
0.0657117977974482
0.0657117977974482
0.0657117977974482
0.0657117977974482
0.0657117977974482
0.0657117977974482
0.0657117977974482
0.0657117977974482
0.0657117977974482
0.0657117977974482
0.0657117977974482
0.0657117977974482
0.0657117977974482
0.0657117977974482
0.0657117977974482
0.0657117977974482
0.0657117977974482
0.0657117977974482
0.0657117977974482
0.0657117977974482
