1.000003138104368
1.000003138104368
1.000003138104368
1.000003138104368
1.000003138104368
1.000003138104368
1.000003138104368
1.000003138104368
1.000003138104368
1.000003138104368
1.000003138104368
1.000003138104368
1.000003138104368
1.000003138104368
1.000003138104368
1.000003138104368
1.000003138104368
1.000003138104368
1.000003138104368
1.000003138104368
1.000003138104368
1.000003138104368
1.000003138104368
1.000003138104368
1.000003138104368
1.000003138104368
1.000003138104368
1.000003138104368
1.000003138104368
1.000003138104368
