1.000003137823568
1.000003137823568
1.000003137823568
1.000003137823568
1.000003137823568
1.000003137823568
1.000003137823568
1.000003137823568
1.000003137823568
1.000003137823568
1.000003137823568
1.000003137823568
1.000003137823568
1.000003137823568
1.000003137823568
1.000003137823568
1.000003137823568
1.000003137823568
1.000003137823568
1.000003137823568
1.000003137823568
1.000003137823568
1.000003137823568
1.000003137823568
1.000003137823568
1.000003137823568
1.000003137823568
1.000003137823568
1.000003137823568
1.000003137823568
