0.09331413340794593
0.09331413340794593
0.09331413340794593
0.09331413340794593
0.09331413340794593
0.09331413340794593
0.09331413340794593
0.09331413340794593
0.09331413340794593
0.09331413340794593
0.09331413340794593
0.09331413340794593
0.09331413340794593
0.09331413340794593
0.09331413340794593
0.09331413340794593
0.09331413340794593
0.09331413340794593
0.09331413340794593
0.09331413340794593
0.09331413340794593
0.09331413340794593
0.09331413340794593
0.09331413340794593
0.09331413340794593
0.09331413340794593
0.09331413340794593
0.09331413340794593
0.09331413340794593
0.09331413340794593
