0.502744893907532
0.502744893907532
0.502744893907532
0.502744893907532
0.502744893907532
0.502744893907532
0.502744893907532
0.502744893907532
0.502744893907532
0.502744893907532
0.502744893907532
0.502744893907532
0.502744893907532
0.502744893907532
0.502744893907532
0.502744893907532
0.502744893907532
0.502744893907532
0.502744893907532
0.502744893907532
0.502744893907532
0.502744893907532
0.502744893907532
0.502744893907532
0.502744893907532
0.502744893907532
0.502744893907532
0.502744893907532
0.5027448939075317
0.502744893907532
