0.004202144148384168
0.004202144148384168
0.004202144148384168
0.004202144148384168
0.004202144148384168
0.004202144148384168
0.004202144148384168
0.004202144148384168
0.004202144148384168
0.004202144148384168
0.004202144148384168
0.004202144148384168
0.004202144148384168
0.004202144148384168
0.004202144148384168
0.004202144148384168
0.004202144148384168
0.004202144148384168
0.004202144148384168
0.004202144148384168
0.004202144148384168
0.004202144148384168
0.004202144148384168
0.004202144148384168
0.004202144148384168
0.004202144148384168
0.004202144148384168
0.004202144148384168
0.004202144148384168
0.004202144148384168
