0.518776357706375
0.518776357706375
0.518776357706375
0.518776357706375
0.518776357706375
0.518776357706375
0.518776357706375
0.518776357706375
0.518776357706375
0.518776357706375
0.518776357706375
0.518776357706375
0.518776357706375
0.518776357706375
0.518776357706375
0.518776357706375
0.518776357706375
0.518776357706375
0.518776357706375
0.518776357706375
0.518776357706375
0.518776357706375
0.518776357706375
0.518776357706375
0.518776357706375
0.518776357706375
0.518776357706375
0.518776357706375
0.5187763577063751
0.518776357706375
