0.11045460171127855
0.11045460171127855
0.11045460171127855
0.11045460171127855
0.11045460171127855
0.11045460171127855
0.11045460171127855
0.11045460171127855
0.11045460171127855
0.11045460171127855
0.11045460171127855
0.11045460171127855
0.11045460171127855
0.11045460171127855
0.11045460171127855
0.11045460171127855
0.11045460171127855
0.11045460171127855
0.11045460171127855
0.11045460171127855
0.11045460171127855
0.11045460171127855
0.11045460171127855
0.11045460171127855
0.11045460171127855
0.11045460171127855
0.11045460171127855
0.11045460171127855
0.11045460171127855
0.11045460171127855
