0.5048594303092939
0.5048594303092939
0.5048594303092939
0.5048594303092939
0.5048594303092939
0.5048594303092939
0.5048594303092939
0.5048594303092939
0.5048594303092939
0.5048594303092939
0.5048594303092939
0.5048594303092939
0.5048594303092939
0.5048594303092939
0.5048594303092939
0.5048594303092939
0.5048594303092939
0.5048594303092939
0.5048594303092939
0.5048594303092939
0.5048594303092939
0.5048594303092939
0.5048594303092939
0.5048594303092939
0.5048594303092939
0.5048594303092939
0.5048594303092939
0.5048594303092939
0.5048594303092939
0.5048594303092939
