0.11045460186543385
0.11045460186543385
0.11045460186543385
0.11045460186543385
0.11045460186543385
0.11045460186543385
0.11045460186543385
0.11045460186543385
0.11045460186543385
0.11045460186543385
0.11045460186543385
0.11045460186543385
0.11045460186543385
0.11045460186543385
0.11045460186543385
0.11045460186543385
0.11045460186543385
0.11045460186543385
0.11045460186543385
0.11045460186543385
0.11045460186543385
0.11045460186543385
0.11045460186543385
0.11045460186543385
0.11045460186543385
0.11045460186543385
0.11045460186543385
0.11045460186543385
0.11045460186543385
0.11045460186543385
