0.008004637262492838
0.008004637262492838
0.008004637262492838
0.008004637262492838
0.008004637262492838
0.008004637262492838
0.008004637262492838
0.008004637262492838
0.008004637262492838
0.008004637262492838
0.008004637262492838
0.008004637262492838
0.008004637262492838
0.008004637262492838
0.008004637262492838
0.008004637262492838
0.008004637262492838
0.008004637262492838
0.008004637262492838
0.008004637262492838
0.008004637262492838
0.008004637262492838
0.008004637262492838
0.008004637262492838
0.008004637262492838
0.008004637262492838
0.008004637262492838
0.008004637262492838
0.008004637262492838
0.008004637262492838
