0.5556416885452181
0.5556416885452181
0.5556416885452181
0.5556416885452181
0.5556416885452181
0.5556416885452181
0.5556416885452181
0.5556416885452181
0.5556416885452181
0.5556416885452181
0.5556416885452181
0.5556416885452181
0.5556416885452181
0.5556416885452181
0.5556416885452181
0.5556416885452181
0.5556416885452181
0.5556416885452181
0.5556416885452181
0.5556416885452181
0.5556416885452181
0.5556416885452181
0.5556416885452181
0.5556416885452181
0.5556416885452181
0.5556416885452181
0.5556416885452181
0.5556416885452181
0.5556416885452181
0.5556416885452181
