0.861 0.511 5.54E-17 
0.391 0.926 5.56E-17 
0.62 0.789 5.55E-17 
0.757 0.655 5.54E-17 
0.385 0.932 5.58E-17 
0.721 0.7 5.56E-17 
0.414 0.919 5.58E-17 
0.605 0.808 5.59E-17 
0.842 0.541 5.54E-17 
0.577 0.818 5.54E-17 
0.571 0.823 5.54E-17 
0.615 0.791 5.55E-17 
0.536 0.847 5.55E-17 
0.353 0.962 5.67E-17 
0.939 0.352 5.55E-17 
0.566 0.833 5.57E-17 
0.887 0.469 5.55E-17 
0.281 0.987 5.68E-17 
0.679 0.735 5.54E-17 
0.867 0.5 5.54E-17 
0.583 0.815 5.55E-17 
0.694 0.723 5.54E-17 
0.916 0.448 5.64E-17 
