0.678 0.736 3.98E-17 
0.815 0.602 4.03E-17 
0.837 0.552 3.99E-17 
0.704 0.712 3.98E-17 
0.33 0.969 4.07E-17 
0.79 0.633 4.03E-17 
0.445 0.901 4.0E-17 
0.78 0.645 4.03E-17 
0.432 0.904 3.99E-17 
0.765 0.651 4.0E-17 
0.535 0.848 3.99E-17 
0.949 0.333 4.0E-17 
0.539 0.845 3.99E-17 
0.46 0.895 4.0E-17 
0.915 0.482 4.11E-17 
0.7 0.716 3.98E-17 
0.389 0.945 4.06E-17 
0.741 0.674 3.99E-17 
0.242 0.989 4.05E-17 
0.521 0.86 4.0E-17 
0.44 0.903 4.0E-17 
0.712 0.705 3.99E-17 
0.912 0.488 4.11E-17 
0.707 0.709 3.98E-17 
