0.947 0.395 7.01E-17 
0.429 0.917 6.91E-17 
0.718 0.703 6.86E-17 
0.705 0.728 6.92E-17 
0.578 0.829 6.9E-17 
0.452 0.898 6.87E-17 
0.925 0.483 7.13E-17 
0.715 0.722 6.94E-17 
0.413 0.942 7.03E-17 
0.702 0.771 7.12E-17 
0.69 0.777 7.1E-17 
0.817 0.613 6.98E-17 
0.319 0.978 7.03E-17 
0.505 0.888 6.98E-17 
0.732 0.699 6.91E-17 
0.527 0.885 7.04E-17 
0.834 0.576 6.92E-17 
0.854 0.551 6.94E-17 
0.844 0.563 6.93E-17 
0.748 0.68 6.91E-17 
0.749 0.678 6.9E-17 
0.882 0.499 6.92E-17 
