0.688 0.73 5.34E-17 
0.696 0.721 5.33E-17 
0.918 0.411 5.35E-17 
0.544 0.846 5.35E-17 
0.717 0.703 5.34E-17 
0.879 0.489 5.35E-17 
0.761 0.651 5.33E-17 
0.889 0.46 5.33E-17 
0.8 0.601 5.32E-17 
0.922 0.391 5.33E-17 
0.854 0.54 5.37E-17 
0.722 0.692 5.32E-17 
0.907 0.447 5.38E-17 
0.738 0.675 5.32E-17 
0.649 0.778 5.39E-17 
0.818 0.578 5.33E-17 
0.737 0.676 5.32E-17 
0.701 0.717 5.34E-17 
0.608 0.811 5.39E-17 
0.707 0.708 5.32E-17 
0.611 0.793 5.33E-17 
0.809 0.591 5.33E-17 
