0.3894672545138808
0.3510628332637918
0.39090598195468806
0.22995978322765398
0.36532514692479706
0.3832788881864314
0.358097716932713
0.39309085113115083
0.3960015970150991
0.3508233441301806
0.37249062024374757
0.36535742107718255
0.3521692769081899
0.38658746512696374
0.37884730266357924
0.3782755267179422
0.3922015382620362
0.3728634020887959
0.3554395154045628
0.38769399332676846
0.37917936495389215
0.3812745466311177
0.36277007008631096
0.25616487275564864
0.399294417794174
0.38079245619282853
0.38575091061365413
0.39831699546545035
0.36710278206908853
0.2265124810459281
