0.3860447357184069
0.3904916429377151
0.36417736949918594
0.3952058782332036
0.38401031789054374
0.40038058868357035
0.4094108943401732
0.23110640399706445
0.41309131623659473
0.37943499351591
0.3931270658726359
0.3912694828328828
0.23110640399706445
0.38629262601583436
0.40806356327913773
0.36908458977960634
0.23110640399706445
0.3550920915980584
0.3922222689631952
0.38113012976543037
0.22769436147255667
0.3841384245178253
0.23110640399706445
0.3864438935339612
0.35223895919134945
0.40002547641615643
0.23110640399706445
0.3864197619967083
0.3586620576889289
0.37213091651801095
