0.7090152858378885
0.7140154161042254
0.7213252381333951
0.7110153379444233
0.7900173961525444
1.0000228673386888
0.7260157287434337
0.7233261669140056
0.717323380572174
1.0004548030285663
0.7230156505836316
0.7153224517915635
0.7183238449624793
0.7110153379444233
0.7550164842881869
1.0000228673386888
0.7163229161818687
0.724326631304311
1.0004548030285663
0.7643452069165219
1.0000228673386888
0.7103201298400371
0.7150154421574927
1.0004548030285663
1.0000228673386888
0.7123210586206477
1.0000228673386888
1.0004548030285663
0.8290184122299712
0.7403340615491953
