0.0013917576712979688
0.0016854827042925402
0.002606507848946686
0.001333369663245274
0.0018100133193961157
0.0017328613217682388
8.207275477378987E-4
0.0013007346544115657
0.0012501750670825716
0.001578291900084077
0.0013781852567714412
0.0013815652964460426
0.0025464555342419692
5.375631687647098E-4
7.592149729480012E-4
0.004171422257037619
9.111052466201666E-4
7.132920535407213E-4
0.0020303131077095775
0.0012653375518069472
0.0017677814862592839
8.402737158194099E-4
8.43516894991853E-4
5.167852561637499E-4
4.0755398628668867E-4
0.0
0.0
0.0014374292650558083
8.785075633779424E-4
0.0
