0.15863691744033348
0.15150739428105028
0.16326852395019306
0.1585449819666423
0.1582474469497995
0.17363852066200824
0.15323726269209262
0.16213230033209228
0.1691087684112558
0.17123707048129283
0.1546721512926509
0.16711153594986317
0.16775186443895296
0.14973454694018432
0.13965146320234537
0.16392555048822643
0.0
0.16413673763192865
0.0
0.0
0.1630012164391163
0.16466566883446018
0.17303585359547294
0.0
0.0
0.17423417006574693
0.15217404321002984
0.16341714109893046
0.16822097472406142
0.17433842939507022
