0.20518473229102988
0.15543191545113114
0.2056668704690366
0.06542056074766354
0.19270678661891869
0.18818324744519183
0.18455760328412962
0.22759717005852043
0.22293213381081328
0.1788208577168312
0.19651061228054859
0.1969621801030658
0.17698576294872917
0.2180801816752555
0.20468949253209898
0.21272338195475599
0.23486592715521007
0.20554371560835002
0.18511136343785484
0.22625556817189282
0.19666337671412357
0.2138632194951525
0.18560482967071365
0.07820859813084123
0.24427548257489745
0.21708795527993713
0.20078692922525987
0.2334701021923313
0.1507226832037733
0.06542056074766356
