0.15057520580388184
0.11170741563200556
0.14182124645577446
0.0
0.14857814451121978
0.12991123069382776
0.14359517629228402
0.16388027648927958
0.1581460157426794
0.11990988132153493
0.1482345663969486
0.15387266261524576
0.13211644586334684
0.14829304188088555
0.15388217810691393
0.15276788270574768
0.16586833884004437
0.15864866744554992
0.14219410205074381
0.17093237255047666
0.11749549115798312
0.1481026932553572
0.11900225305357323
0.015816319234030984
0.1773281439735796
0.16288842325629516
0.11441537787246508
0.16015100675026994
0.07105813615025329
0.0
