0.8081747932939427
0.8213882083740017
0.7997038116080696
0.8153056673541315
0.815692959575696
0.8118752096538567
0.8165511384985197
0.8131935197408818
0.8066561224938925
0.8083032226595716
0.8050903902412191
0.8132040010457582
0.8045580843702521
0.8083175526198512
0.8393153020136527
0.8098330455633442
1.033108199346269
0.8166161210961913
1.033108199346269
1.033108199346269
0.8144142633891385
0.7986773880607858
0.805317589576153
1.033108199346269
1.0305160209270319
0.8094997789623171
0.8102350243871387
0.8067054951699181
0.8091865410418541
0.8074303573264828
