0.00510288611421684
0.005213406665482132
0.005362194757716509
0.005141751435212719
0.00657207975921297
0.005462480989758054
0.005255967871542962
0.004886534883716222
0.00657207975921297
0.005018604392480726
0.004869284192370475
0.004992666510290754
0.005301274864380429
0.005079375541554777
0.005137327421289946
0.00498037631957433
0.005246861252900987
0.004951298371830738
0.005001360479752332
0.005020420806614041
0.005256289406784789
0.00657207975921297
0.005115424663912519
0.005019150068314511
0.00657207975921297
0.0048933874921552045
0.005139570816836645
0.005356432632116406
0.004961563219701947
0.005175095259558339
