0.08482995093446771
0.08730101589325102
0.0848558114272162
0.08684569446862742
0.08542163580260115
0.0849866501655349
0.08555412979636573
0.08412135179631368
0.08510470920995956
0.08516392123611342
0.08562193251283054
0.0852214215556867
0.08590694784576158
0.08469713218777923
0.08515319558960205
0.08477950014012653
0.08415970955422246
0.08491871138678389
0.08549556963982259
0.08444647696408003
0.08431618483955
0.08497964937850637
0.08618391699933603
0.08674339533104145
0.08407539999121645
0.08482161142904132
0.08456038312027556
0.08484344293576682
0.08558941755027162
0.08841145849302783
