0.005284699558123827
0.005422675108366312
0.005177556752779578
0.005337697610141556
0.005346706821018952
0.005288546568070783
0.005360315155186225
0.005324358033979768
0.005253511559581563
0.0052712953542284
0.005247815347731127
0.005297374910716245
0.005223237324490449
0.005291360675425912
0.00563789107011275
0.005287046070141487
0.006815331753616032
0.005365931549416842
0.006815331753616032
0.006815331753616032
0.005325891280275286
0.0051396107991851705
0.005219915821506176
0.006815331753616032
0.006808018672843913
0.005276492991966675
0.005284789612477218
0.005272272195649278
0.005269204904913211
0.005240869207960012
