0.3816358443694254
0.3878261851345085
0.3575277716829945
0.3923109598150377
0.3801815550119129
0.398555691103607
0.409319737376
0.23475924198929574
0.41451040357203056
0.3738639502345442
0.3893416340273034
0.3873264202855075
0.23475924198929574
0.38255464199149897
0.40990028585724186
0.3630629748752295
0.23475924198929574
0.3476546939061165
0.38929722000026346
0.37650083383443544
0.2329070206164246
0.3797745213953162
0.23475924198929574
0.38183739607888045
0.34516872331179166
0.4005074123220953
0.23475924198929574
0.38208012242218825
0.3518663381696063
0.3665238089136558
