0.15345714593808849
0.14215107291219323
0.1450165363418833
0.1536498195473257
0.15811603558962373
0.15295573217535305
0.16843397893506068
0.1392812410433631
0.12939111913748755
0.0
0.1720654849887025
0.1543424141728676
0.16030811942346218
0.13465620021723393
0.0
0.14667494149131746
0.1394916754816774
0.16504125215014914
0.0
0.12699652763376418
0.1378701419690791
0.16587033263394832
0.0
0.0
0.12226213090851262
0.14711743829302096
0.15381561112804448
0.1474410347391739
0.0
0.12415483597629101
