0.12634886222501385
0.1281067808747344
0.12636879857060587
0.12913614215712424
0.126759559947531
0.12645103325584092
0.12689019034399932
0.1258807672812652
0.1265338618058452
0.1266658455916059
0.12690436563016652
0.12665662454571217
0.12721196511555044
0.12626606866076592
0.12658117826490048
0.12636547629081532
0.1259037489410969
0.12643667396883804
0.1269091422044116
0.12610519347518306
0.12600704480170094
0.12649441914072107
0.12729909180601237
0.11669917426345801
0.12584310535780216
0.12637885997964352
0.12618299949988906
0.12636352306599
0.12686704102435228
0.1311762641102211
