0.18465876848612597
0.1496211131915973
0.1801071463074801
0.14930477847699833
0.16003115049637032
0.1804781991951003
0.15380124749395419
0.19206590619628316
0.18479803613106915
0.17823251584414293
0.16796177588089553
0.15973614259093963
0.15031715306695936
0.194415182481045
0.16945992420158956
0.17102369081684343
0.1973010776169889
0.16392567370430733
0.15168870141312168
0.17547239027050376
0.19782862279919783
0.17532737969163945
0.1661856643877593
0.11720940602156067
0.1935993771347616
0.16961423211473453
0.1882098099824746
0.19061051243631916
0.19337644791174335
0.10657330822565225
