0.0016849020839803384
9.431762242934641E-4
0.0023432425722590498
0.0010942204512249868
0.0015786402722713973
9.822644131685068E-4
0.0014525461296127997
0.001136240772676673
0.001494865055796471
0.0014836673783468518
0.002048403577722636
9.361258347881302E-4
0.0018713392662285506
0.002561974685729552
3.4370648838413884E-4
0.0013293799722428792
0.0
9.40273122732452E-4
0.0
0.0
9.197025745287076E-4
0.0029073164207191037
0.0014952797845908983
0.0
0.0
0.0011893053219240344
0.0015546855371051025
0.002101741847974322
0.001238512893383179
0.0013666806800139285
