0.41465880307494324
0.4342054767823773
0.398180715706454
0.4249427152910538
0.42155898827940785
0.41851313311750915
0.4237749176278546
0.4213275446812582
0.411466302463798
0.4122926822954211
0.40842490207816784
0.4206781096088017
0.40591606499117244
0.41501805204136083
0.4633250032486997
0.41700118822981774
0.5782793869586983
0.42798329437623245
0.5782793869586983
0.5782793869586983
0.4234858541276799
0.39447196397094414
0.40799521232524916
0.5782793869586983
0.5764587422350606
0.4153194242384269
0.41752764885115773
0.4132537275040058
0.4152922596179524
0.41178281162744096
