0.0010331724542252659
0.0018223848231609244
4.4653852820501934E-4
0.0013760080391984986
0.0010820689829476324
0.0019192405934562724
0.0024950666862406843
0.0
0.0032046873261879047
8.166508281406778E-4
0.0014484653125919214
0.0011989810393245202
0.0
0.0010543236244104919
0.0028393728996350316
5.539698835929856E-4
0.0
2.929727380835792E-4
0.001360953382772528
9.775324347732505E-4
0.0
8.946198476470797E-4
0.0
8.963326777032557E-4
2.8685548788294295E-4
0.002082378324908604
0.0
9.79875652646714E-4
4.062020024752701E-4
7.106295507650567E-4
