0.1307113198428948
0.13104637581902254
0.13087181315044605
0.13062777945464754
0.13085559041904718
0.13031389310324956
0.13016557716351748
0.13377532177846385
0.1297385124080088
0.1308629115146111
0.1306791098946423
0.13031853809175808
0.13377532177846385
0.13064954747430205
0.12983897960034654
0.13100728584198768
0.13377532177846385
0.13119613182645465
0.13055407786791443
0.13095456832330626
0.13605649016455656
0.13065486695244422
0.13377532177846385
0.13041227028168628
0.13140623756929953
0.130234791687359
0.13377532177846382
0.13067757255851267
0.1309122039827777
0.1307288604742042
