0.7390993863988493
0.7441064847632168
0.7250975035712662
1.000134487684505
0.7340987139604267
0.7320984449850577
0.7231034791449003
0.7100954862559986
0.7171026203968097
0.7541014037141168
0.7571018071771703
0.711095620743683
0.7290980415220042
0.7391057691398081
0.7171026203968097
0.7120957552313676
0.755108059134716
0.7091014753993558
0.7261039085189455
0.7130958897190521
0.7260976380589507
0.7361053397657629
0.7320984449850577
0.9811404053127899
0.7150961586944211
0.7160962931821057
0.7851123528751683
0.7241036222695819
0.8681167353101504
1.0001431246817432
