0.6719626168224299
0.6663551401869158
0.6700934579439252
0.6728971962616822
0.6728971962616822
0.6682242990654205
0.6710280373831775
0.6813084112149532
0.7074766355140186
0.9345794392523364
0.6962616822429906
0.6813084112149532
0.6738317757009346
0.6775700934579438
0.9345794392523364
0.6691588785046728
0.6794392523364485
0.6672897196261681
0.9345794392523364
0.6700934579439252
0.6710280373831775
0.6831775700934579
0.9345794392523364
0.9345794392523364
0.6831775700934579
0.6710280373831775
0.6775700934579438
0.6822429906542056
0.9345794392523364
0.6616822429906541
