0.009512039494624761
0.009604079242990025
0.009446808865313057
0.009550152820555819
0.009555949817814617
0.00952110732518889
0.009564840941126121
0.009541231453166541
0.009495644837498285
0.00950825848972545
0.00948927120608839
0.00952609338704337
0.009478483203304846
0.009513032967747036
0.009741860786571573
0.00951692651451367
0.011416143902252499
0.009567129162974239
0.011416143902252499
0.011416143902252499
0.0095435952388205
0.009425513746679838
0.009476676182792272
0.011416143902252499
0.011396291702341079
0.00951166952940263
0.00951311139415128
0.009504165117091436
0.00950640054774221
0.009489452860037764
