0.716401817423543
0.7090872177277805
0.7049272332852915
0.7185431970636551
0.7149296999535867
0.7225441837309732
0.7103974788899035
0.7139294532867572
0.7346231624796065
0.7196194624771637
0.751938826626279
0.726932659955541
0.723402678529459
0.7170882018488274
0.7200776754752383
0.7680944756205014
1.0
0.712541717062678
1.0
1.0
0.7240890629547434
0.7170882018488274
0.7195525759825527
1.0
1.000123015130861
0.7236324067860347
0.7366346585266006
0.7289331532892
0.7099284666194391
0.7109832509398656
