0.0 4.38E-34 8.04E-18 0.36 0.14 
0.0 4.44E-34 8.15E-18 0.365 0.136 
0.0 4.16E-34 7.65E-18 0.343 0.16 
0.0 4.0E-34 7.35E-18 0.329 0.172 
0.0 4.16E-34 7.64E-18 0.342 0.163 
0.0 3.44E-34 6.32E-18 0.283 0.218 
0.0 4.2E-34 7.72E-18 0.346 0.156 
0.0 3.97E-34 7.29E-18 0.326 0.175 
0.0 7.1E-35 1.3E-18 0.0584 0.45 
0.0 4.18E-34 7.68E-18 0.344 0.157 
0.0 4.1E-34 7.53E-18 0.337 0.17 
0.0 4.4E-34 8.09E-18 0.362 0.139 
0.0 4.18E-34 7.67E-18 0.344 0.158 
0.0 4.32E-34 7.94E-18 0.356 0.149 
0.0 3.81E-34 7.01E-18 0.314 0.187 
0.0 4.49E-34 8.25E-18 0.37 0.132 
