1.341257301944307
1.6381630411241088
0.008021490310062135
0.0049215217872733835
0.7164817225291982
0.7293555501441551
1.5253539144503956
1.0537401221070954
1.377592109247475
0.27010980963967207
1.5253539144503956
1.2903886209720155
0.011560876831413896
1.5956014509540126
0.006461524633326867
1.8281454389903913
1.1299020137880738
1.2217445686959707
0.8713543573229134
1.0960229247388025
1.3225476473762703
1.1791833514591563
0.04203629155314815
0.9753384441106312
0.31424321474632844
0.006284501415417666
0.01217319520269557
1.5713781547877408
0.91485738022359
1.5641111674825703
