7.343608272824633
0.3153774476436033
36.85841818673005
14.101130616655492
62.248783207275835
12.186404979737743
10.46315221976086
7.052648060736456
5.695490078877605
13.68971458416524
0.04618800777902472
1.6001598450872996
16.973219495502743
43.93842365666937
0.020350643744112253
1.7337025212576649
0.015452167198897453
2.537136804694459
9.929990709454572
0.25708098324303935
17.963039192557986
13.870964480969707
18.233328723291063
0.05809930984800228
20.80267179703565
0.3153774476436033
13.870964480969707
18.86129954521564
10.919946611365317
5.097960194469142
