0.0018728566697713929
0.0016371919121698191
0.007281693115858471
0.02066320951688008
0.029557673354328913
0.009381747043685974
0.010803285407375213
0.055206405007868026
0.022058728709790004
0.007700539132730843
0.0013625661074845548
0.0017062742870885567
0.03997442299009272
0.04217000819746422
0.0019388454837827454
0.04717112015052228
0.0013674758100613734
0.0019262611050996146
0.12224984746790553
0.0019404899241671017
0.0016626504589037233
0.2966626966045756
0.03757001414138101
0.0014892542538986618
0.22954080594525741
0.14395379824607532
0.006118381714966149
0.018673316237185624
0.0010810208495646667
0.018273715929967654
