35.354708100049216
19.46845852123949
0.06698768438854331
0.04271865746035334
7.036736302451093
7.1818196572384405
40.20533465898612
114.98265534080677
36.312068303402064
2.5977009418285792
40.20533465898612
34.014404109999155
0.09357157035952356
42.05623250231026
0.057340946468602626
48.18334511107609
123.28334961080195
133.2930107521862
8.687631581433962
17.064867792692088
144.27922460529012
128.6543872473365
1.1102821787176036
106.43782340142579
8.29362388307398
0.05595858373039633
1.2176721201969318
41.41799182050832
99.8460962454394
41.22651962521058
