0.6412808933756426
0.893048128342246
0.948663101604278
0.9088235294117647
0.5116279069767442
0.8152406417112299
0.951336898395722
0.9280748663101605
0.9617463617463617
0.9122994652406418
0.6139534883720931
0.941711229946524
0.9077540106951871
0.9139393939393939
0.9849522699285287
0.9458787878767146
0.8109625668449197
0.9923398275870206
0.9814944287332467
0.9825987525987526
0.9807754010695187
0.9351351351351351
0.3003862462270188
0.9617463617463617
0.9529411764705882
0.9864241164241164
0.9625779625779626
0.9254982717993897
0.9959090909090909
0.8580213903743316
