134.14478748576101
163.8294694249162
0.8339010510858673
0.5330000128
51.63220267165567
56.0
152.54732150907842
105.46669553543154
137.7768665693105
27.250329187818274
152.54732150907842
129.05987676879172
1.1904091171520612
159.56934107060744
0.6802337812297494
182.81464720532412
113.08000264414635
122.26075533406714
87.6
88.4
132.3371912132485
118.00626018507947
4.213211736917404
97.6294676294016
31.478018724095545
0.6617937088470152
1.1196039865757064
157.14795501490778
91.58360610189278
156.42153919819785
