0.004541559808023113
0.08595579706488843
0.0039865945507803705
0.0019386609905553123
0.002546489268935034
0.0021683590875956277
0.0024482996703230606
0.0036995995374717646
0.004135146075397548
0.010220329789588107
0.3441997179644197
0.10056349391068005
0.0016923942879406159
0.0034147333780271205
0.45829598368946306
0.044241966620564364
0.5842364765346951
0.008415871306993585
0.014167955199330786
0.1440191989338252
0.0021124221257508226
0.0025986631143116233
0.001526467202442168
0.28591514733968754
0.0014708149420890326
0.08595579706488846
0.0025986631143116233
0.002034377499573387
0.0023770227461905363
0.006425023661648539
