0.8848232848232849
0.8116105791152954
0.9975210810790257
0.998351180472965
0.8369188354127316
0.8852465240043617
0.869022869022869
0.8740641711229946
0.8817047817047817
0.9193939393939394
0.869022869022869
0.8891891891891892
0.9964787878787879
0.862993762993763
0.9975338462507426
0.843035343035343
0.8649732620320856
0.8540106951871658
0.915810373121643
0.8321899372529626
0.8419786096256685
0.8590909090909091
0.9963825363825364
0.8834224598930481
0.972972972972973
0.997588359191919
0.9986631016042781
0.8650727650727651
0.8906417112299465
0.8656964656964657
