0.3266580005809248
0.3501580914636476
0.02635037751911662
0.004218423110059794
0.005712716187657202
0.01946083554337909
0.008880921906344803
0.003201507390979998
0.007651590219008419
0.03984819086176977
0.38102181361780174
0.2954919861630331
0.004284847235870891
0.0021656867450464408
0.15901097385925034
0.007176638588065816
0.29639997195110207
0.15446015163083246
0.0024778956180643227
0.15882759267008129
0.35152426065179737
0.0013111287015552218
0.004540454016560979
0.3362539776028586
0.002911665423535135
0.002177582669252411
0.04291382444104779
0.009090007987588323
0.3363393986033428
0.009298576253170456
