35.354592409742516
19.468325346168168
0.04461477174172151
0.025342529547971872
7.036693852793543
7.181778595443555
40.20523291133055
114.98262129423394
36.311955660147255
2.5969722828092046
40.20523291133055
34.014283865511786
0.07050177922349973
42.05613522663029
0.03717955295960724
48.18326018635354
123.28331800891378
133.2929817063916
8.687350689810764
17.06486191143197
144.2791979718858
128.65435706462353
1.106593983604983
106.4377864528158
8.293130929864866
0.03618356201487357
1.2143495553616293
41.41789304794785
99.84605672821716
41.22642039454187
