0.9974823604040405
0.997378519667261
0.9927272727272727
0.9793347193347194
0.9703208556149733
0.9905882352941177
0.9892515592515593
0.9446524064171123
0.9778342245989304
0.9962282654304521
0.9976560990612002
0.998934140033851
0.9598930481283422
0.9577962577962578
0.9986631016042781
0.9820282936926686
0.999703483034083
0.9999921177430526
0.9818920808633531
0.9986604278074867
0.9975090087462865
0.8465884080004455
0.9622994652406417
0.9998762406968423
0.7696969696969697
0.9100957592339262
0.9976874570115493
0.9812299465240641
0.9994845553393367
0.9816310160427808
