355.34971811806446
196.0670849864049
0.8158972133301717
0.47309701675218896
50.51791635811338
56.07590818980436
404.09805492288024
1155.6257390504602
364.97110038217284
26.66223016350522
404.09805492288024
341.87978294831277
1.1647114484446106
422.6993939668231
0.6655462499187759
484.2762404571166
1239.0467093374712
1339.642585271808
87.7191212568471
133.22814144465096
1450.052693004617
1293.0249842290666
11.160803256694471
1069.751210813831
83.38531278593462
0.6475041343094083
12.267734528484912
416.2851391240842
1003.5051461741458
414.36086267126245
