0.0010654103729880776
9.908026406840217E-4
0.3138995198486612
0.3827507578479278
0.00226132254473469
0.00235482007060136
9.96899628886613E-4
0.0016475176047513107
0.001050431402708576
0.007537042978503491
9.96899628886613E-4
0.0010878051288432688
0.22191532239970505
9.749412797276033E-4
0.34786986367696615
9.143333477589974E-4
0.0015697984127190326
0.0014890237954666055
0.0033584921765070085
0.0017135628106249206
0.0014133361248826828
0.0015248842513981016
0.021199114506217982
0.00174027266151771
0.0029506868578136496
0.35225572976414304
0.13734174095703627
9.822904463734443E-4
0.0018227541671307238
9.845397665413013E-4
