0.056813698490760296
9.753711863003282E-4
0.040210396631951174
0.04588181609274517
0.06801788326296651
0.03964480985573903
0.034031504242433216
0.07123230314192298
0.018501358712287842
0.014836065081148894
0.0017749045266639328
0.002799419640933821
0.05523732544825459
0.047964407327138074
6.965641258045853E-4
0.007302795385345492
5.634602304742472E-4
0.07802230669930706
0.010718418022325298
0.002324264318491877
0.13929431864579886
0.10751137290936506
0.21758889228921013
0.0022889733659733295
0.06771133792226705
9.753711863003282E-4
0.10751137290936506
0.14627106283184516
0.13784816322808743
0.03937183802564422
