400.54632891963684
981.423124627584
471.0830711070458
836.6632056001237
510.6967541530135
1695.4084879664142
446.5474916108661
660.0070332276297
118.02228893672473
804.7669522550899
348.40517362614713
534.8755777971131
846.4774373985955
28.46644172444197
33.122977100237684
17.901780695401214
1734.6654151603018
5.2750943720736885
124.43654377946365
53.68731286405345
176.4107613579273
200.1247509237828
204.4773028913829
118.02228893672473
431.8261439131583
41.88508395341386
115.45658699962918
34.103523566075566
37.53938140955003
1302.8392160275384
