0.011459206552314045
0.0381210563278647
1.3477208715886958E-4
7.51202281519843E-5
0.017914694583735888
0.01756839108873295
0.013031406587164398
0.01253038119340917
0.011769509188668564
0.007851242984732242
0.013031406587164398
0.011024782863471319
2.1314305247065665E-4
0.013631325027557204
1.0916674156881659E-4
0.015617261951156407
0.013434960449257405
0.014525776612043182
0.01701075272916491
0.02551892942459954
0.015723013865206917
0.014020276438884316
3.586716226484669E-4
0.011599196666630058
0.0026879874385008595
1.0605026833918109E-4
1.3233532736908648E-4
0.013424456599513732
0.010880854318513064
0.013362396071165112
