0.0455083689414531
0.010643954818758444
0.005112816833826004
0.009074684514596396
0.04859371774327722
0.01838501610902012
0.004847055404552403
0.007159904589223574
0.0038121936065653047
0.008728934401632247
0.038412089763069215
0.005803921467208954
0.009181070959571989
0.00839467053849729
0.0012906519109254894
0.005217499183192407
0.018810667087253877
4.188529021293123E-4
0.00401869554353235
0.001745786123502541
0.001926346337902427
0.006457190520761921
0.06432691464867539
0.0038121936065653047
0.00468761440992461
0.0013694918168154703
0.003729604205729285
0.008297969668783167
4.6836327026281643E-4
0.01412861695531181
