19.048734517652186
1.2106930278498287
33.81204039458633
53.51263183096243
57.09980331536103
46.24847366386346
39.710731313474376
23.86268101260233
21.62297747739794
12.561956729379427
0.8564389173314314
1.4465283506558126
64.40886908161089
40.30574351672543
0.5655283612375185
3.5
0.5798378315904188
26.6356601083938
9.113576450726251
0.9035635467539743
46.58657898338849
35.97519154828334
72.72682607962315
1.0326440534331134
78.93718541580883
1.2106930278498287
35.97519154828334
48.915907932557914
46.10018095683542
13.225412144728624
