0.894904823033778
0.7255989094024327
0.048308542951032776
0.04812132071914005
0.047448022620617904
0.04804897122205385
0.049001813571535165
0.04731892763237971
0.047542451573562794
0.04844127805162104
0.6862003520348883
0.05961213188688254
0.04737563405702628
0.047635290351513836
0.053457142281048135
0.048240805763179274
0.2661574655176268
0.34894306261938646
0.05152163588363819
0.053444391329820304
0.8340282310296564
0.04727102612219927
0.04738878206494132
0.2063845747171506
0.05156439590749253
0.047335095971718526
0.05161115443366602
0.047609972016057336
0.06925019882416335
0.04761959782735762
