0.9875599331205333
0.998960498960499
0.9596256684491978
0.9540540540540541
0.9318181818181819
0.9602910602910603
0.9659043659043659
0.988945781497996
0.9814345114345114
0.985
0.9972605106452762
0.9969050937481772
0.9446985446985448
0.9518716577540107
0.9985610679073084
0.9967021437155534
0.9991267937492572
0.9212121212121213
0.9891176470588235
0.9982376268324415
0.9233926128590971
0.9070375436996504
0.9208578743720237
0.9969454545454546
0.9322245322245322
0.998960498960499
0.9590385642711473
0.879343365253078
0.9743757530460683
0.9700187678479388
