1.71E-32 3.71E-32 6.67E-16 10.9 1.87 
1.83E-32 3.64E-32 6.64E-16 10.9 1.86 
3.52E-32 2.0E-32 6.61E-16 10.8 2.2 
2.43E-32 3.28E-32 6.67E-16 10.9 1.54 
2.06E-32 3.61E-32 6.79E-16 11.1 1.9 
2.33E-32 3.39E-32 6.72E-16 11.0 0.751 
2.21E-32 3.41E-32 6.63E-16 10.8 1.99 
2.43E-32 3.28E-32 6.66E-16 10.9 1.69 
2.41E-32 3.26E-32 6.62E-16 10.8 2.07 
2.32E-32 3.37E-32 6.68E-16 10.9 1.49 
3.05E-32 2.95E-32 6.94E-16 11.3 1.58 
2.42E-32 3.27E-32 6.64E-16 10.9 1.86 
2.42E-32 3.26E-32 6.63E-16 10.8 1.95 
2.39E-32 3.22E-32 6.55E-16 10.7 2.6 
2.24E-32 3.26E-32 6.46E-16 10.6 3.12 
2.32E-32 3.34E-32 6.64E-16 10.9 1.86 
3.37E-32 2.34E-32 6.7E-16 10.9 1.22 
2.2E-32 3.4E-32 6.62E-16 10.8 2.09 
2.3E-32 3.35E-32 6.64E-16 10.8 1.86 
