0.8725490196078431
0.9984917043740573
0.8853695324283559
0.843558282208589
0.9661217760413189
0.9969018404907976
0.8116279318511698
0.843558282208589
0.6727999067776785
0.8647290278503927
0.9969325153374233
0.9984917043740573
0.9423801698565002
0.9202453987730062
0.8342969759060664
0.6901840490797546
0.7668711656441718
0.8510349346632423
0.9969325153374233
0.9202453987730062
0.843558282208589
0.8853695324283559
0.9962743056039024
0.6134969325153374
0.7668711656441718
0.7668711656441718
0.9932885906040269
0.771726809767874
0.853793595316298
0.8725490196078431
