13.227092883626442
0.0709709451704438
7.52647467206198
38.0080332971882
2.5219092573287036
0.7465074006321334
34.48110027768427
38.0080332971882
76.96633681941668
31.290181590864385
0.7390550670883217
0.0709709451704438
26.278579477699736
19.373473745135353
39.23590040523842
75.27715655011136
56.64259468714638
39.23590040523842
0.7390550670883217
19.373473745135353
38.0080332971882
7.52647467206198
1.5055217755089436
93.9117186045121
56.64259468714638
56.64259468714638
1.5055217755089436
76.96633681941668
39.23590040523842
13.227092883626442
