0.9969325153374233
0.9932885906040269
0.75
0.9984917043740573
0.9950980392156863
0.9932885906040269
0.9950980392156863
0.9907697661566095
0.9984917043740573
0.9984917043740573
0.9993854221769348
0.9685276655191339
0.9992858146396291
0.9987277353689568
0.8725490196078431
0.9969325153374233
0.9969325153374233
0.9989241252113326
0.9230769230769231
0.843558282208589
0.9932885906040269
0.9984917043740573
0.5049019607843137
0.9984917043740573
0.7668711656441718
0.7450980392156863
0.9984917043740573
0.9984917043740573
0.9987277353689568
0.9984917043740573
