0.012678484810039267
1.0700196476989132E-4
0.0113475673150639
0.015563881742904719
0.0036560509105287506
3.056867692450612E-4
0.03405665803034807
0.015563881742904719
0.03405665803034807
0.03405665803034807
3.0263511863536617E-4
1.0700196476989132E-4
0.017361403671169083
0.007933229587573481
0.017361403671169083
0.03082518775246342
0.02319453465083846
0.017361403671169083
3.0263511863536617E-4
0.007933229587573481
0.015563881742904719
0.0113475673150639
6.661748808985241E-4
0.03845584093247925
0.02319453465083846
0.02319453465083846
6.661748808985241E-4
0.03405665803034807
0.017361403671169083
0.012678484810039267
