1.0131620113980633
1.0179505062455374
53.2450157519282
1.000193717619248
1.0440199167044746
1.0179505062455374
1.0440199167044746
21.904242415861525
1.000193717619248
1.000193717619248
0.7582876284
34.66146123458856
1.0131620113980633
1.0
27.144517834316336
1.0131620113980633
1.0131620113980633
1.0179505062455374
51.00987959858164
51.67126258130123
1.0179505062455374
1.000193717619248
105.44601158715193
1.000193717619248
77.00031286625281
54.28903566863267
1.000193717619248
1.000193717619248
1.0
1.000193717619248
