132.96588413084228
1.0003350552219215
76.03061585097575
382.04106782987435
22.408975175610347
7.5659101938276585
278.1724417228465
382.04106782987435
747.3124634485259
315.12876728548207
7.4910001802977435
1.0003350552219215
264.8271019363392
194.76603400508606
394.35365278428833
756.5911354794509
569.3161016546627
394.35365278428833
7.4910001802977435
194.76603400508606
382.04106782987435
76.03061585097575
15.167448105319307
943.8661693042393
569.3161016546627
569.3161016546627
15.167448105319307
773.5398574632575
394.35365278428833
132.96588413084228
