0.12745098039215685
0.0015082956259426848
0.11463046757164404
0.15644171779141106
0.03378582202111614
0.003098159509202454
0.3422818791946309
0.15644171779141106
0.3422818791946309
0.3422818791946309
0.003067484662576687
0.0015082956259426848
0.174496644295302
0.07975460122699386
0.174496644295302
0.3098159509202454
0.2331288343558282
0.174496644295302
0.003067484662576687
0.07975460122699386
0.15644171779141106
0.11463046757164404
0.006711409395973154
0.38650306748466257
0.2331288343558282
0.2331288343558282
0.006711409395973154
0.3422818791946309
0.174496644295302
0.12745098039215685
