0.9607843137254902
0.9876145114925987
0.9969325153374233
0.843558282208589
0.6274509803921569
0.8725490196078431
0.6134969325153374
0.9963687006497699
0.75
0.9984917043740573
0.9969325153374233
0.9950980392156863
0.9860402684563758
0.9202453987730062
0.9984917043740573
0.9987277353689568
0.9607843137254903
0.8725490196078431
0.843558282208589
0.8725490196078431
0.9971907713851461
0.9984917043740573
0.9987277353689568
0.9983947265057977
0.9607843137254902
0.9984917043740573
0.9230769230769231
0.9969325153374233
0.9984917043740573
0.9984917043740573
