0.26395073264811153
0.011033430420015495
0.7566457368165199
0.5125683331346573
0.25268358316984735
0.012686115449950457
0.5167465576606537
0.5125683331346573
0.5167465576606537
0.5167465576606537
0.012622278136155081
0.011033430420015495
0.2629365391586161
0.26039943030226126
0.2629365391586161
1.0170412165181644
0.7647971106100265
0.2629365391586161
0.012622278136155081
0.26039943030226126
0.5125683331346573
0.7566457368165199
0.013309007957453236
1.2692915123132111
0.7647971106100265
0.7647971106100265
0.013309007957453236
0.5167465576606537
0.2629365391586161
0.26395073264811153
