0.1267461122366231
0.002336295955783807
0.114076001617593
0.1557363795734885
0.036861204279249986
0.003231043873655409
0.3412929911829643
0.1557363795734885
0.3412929911829643
0.3412929911829643
0.0032082726920008623
0.0023362959557838075
0.17351296840967825
0.07906492358569323
0.17351296840967825
0.30910260613633733
0.23241817162729234
0.17351296840967825
0.0032082726920008614
0.07906492358569323
0.1557363795734885
0.114076001617593
0.006053615835783557
0.3857881071012815
0.23241817162729234
0.23241817162729234
0.006053615835783557
0.3412929911829643
0.17351296840967825
0.1267461122366231
