26.005036658100444
19.1005656569665
1.0131620113980633
51.67126258130123
79.34551366954007
27.144517834316336
127.65841343615598
1.0179505062455374
53.2450157519282
1.000193717619248
1.0131620113980633
1.0440199167044746
2.117337052990718
26.342212296349647
1.000193717619248
1.0
26.005036658100444
27.144517834316336
51.67126258130123
27.144517834316336
1.0179505062455374
1.000193717619248
1.0
1.0179505062455374
26.005036658100444
1.000193717619248
51.00987959858164
1.0131620113980633
1.000193717619248
1.000193717619248
