0.008788779691830177
0.007849892960536706
0.0071540129368702545
0.0016793246569857454
0.0018193861466700445
0.00348490166064606
0.023887492686307913
0.00266414935859032
0.012663047161689206
0.0024129188062907087
0.0029446910771869428
0.0029006057342519055
0.002428248660837201
0.0024700949953428506
0.015721486637004164
0.004369345205944797
0.010254129554290751
0.004071109585207001
0.006463605994839149
0.009168986975179875
0.012666781324773143
0.01070357881558746
0.012151777674778734
0.018161144160380113
0.004100517054168824
0.01063424450513544
0.0033925704469031526
0.013626845064645711
0.007512077893251971
0.004738397711407774
