3.0263511863536617E-4
6.661748808985241E-4
0.024872565492606847
1.0700196476989132E-4
4.84531527726053E-4
6.661748808985241E-4
4.84531527726053E-4
0.0036364529911378646
1.0700196476989132E-4
1.0700196476989132E-4
2.959166434852613E-5
0.016190379655759216
3.0263511863536617E-4
4.713150507981295E-5
0.012678484810039267
3.0263511863536617E-4
3.0263511863536617E-4
6.661748808985241E-4
0.007595609270205446
0.015563881742904719
6.661748808985241E-4
1.0700196476989132E-4
0.04926073061659777
1.0700196476989132E-4
0.02319453465083846
0.025360328770532067
1.0700196476989132E-4
1.0700196476989132E-4
4.713150507981295E-5
1.0700196476989132E-4
