0.0
2.9216549000992087E-75
1.0396259971355224E-65
0.0
9.867552638148304E-4
4.124849908549122E-9
4.770994468349288E-93
0.0206226632384502
4.2967540351408907E-8
5.788381495848784E-6
6.486396312431444E-72
0.0010558214422855415
0.0
0.001411655510312958
2.4595583895413817E-77
8.044003595035972E-74
0.0
6.347220828635598E-9
0.0
1.2186968557842574E-80
7.526468602702087E-87
0.0012433822987095633
5.540023702600098E-9
9.445105379294234E-87
2.978209169999287E-83
2.768854070270042E-77
9.166490572050333E-79
0.0
3.558217402836844E-81
8.74006134063379E-74
