2.5510261114743753
2.5268123951766155
0.7462071060393861
38.008173174924444
38.67068982716695
13.227498522462566
93.91177549666368
1.5090667592837708
25.9490278869518
0.11419058454597161
0.7462071060393861
0.5160022875869005
3.1371485095438794
19.373747966918746
0.1141905845459716
0.07032171702767621
2.551026111474366
13.227498522462566
38.008173174924444
13.227498522462566
1.5090667592837708
0.1141905845459716
0.07032171702767621
1.5090667592837708
2.5510261114743753
0.11419058454597161
5.038716329641619
0.7462071060393861
0.11419058454597161
0.11419058454597161
