0.057982980939688185
0.05057435246113202
0.047364951603191034
0.4075491214943131
0.05631098319632863
0.05057435246113202
0.05631098319632863
0.055340052032675786
0.4075491214943131
0.4075491214943131
0.5983152876389386
0.047469446793564324
0.057982980939688185
0.8674788832692383
0.04755228825778022
0.057982980939688185
0.057982980939688185
0.05057435246113202
0.05341991569215096
0.04738302067895116
0.05057435246113202
0.4075491214943131
0.04726838493655005
0.4075491214943131
0.04731300408585435
0.04736120178143636
0.4075491214943131
0.4075491214943131
0.8674788832692383
0.4075491214943131
