0.04755228825778022
0.4075491214943131
0.05134505488169099
0.04738302067895116
0.05583615354117838
0.05784290735132992
0.047236199775795865
0.04738302067895116
0.047236199775795865
0.047236199775795865
0.057982980939688185
0.4075491214943131
0.04729993596868874
0.047586985576967694
0.04729993596868874
0.047277604489842
0.04731300408585435
0.04729993596868874
0.057982980939688185
0.047586985576967694
0.04738302067895116
0.05134505488169099
0.05057435246113202
0.047256238123600046
0.04731300408585435
0.04731300408585435
0.05057435246113202
0.047236199775795865
0.04729993596868874
0.04755228825778022
