16.391944864768014
2.9281132738742053
10.072105334006734
56.98984293527076
81.95940023784048
70.7215506631508
1.0423339256520203
92.05851103707798
12.497959684682328
80.43944006001404
27.47542867518459
83.00320619059407
35.61733583501429
72.60079426829003
8.938125515425995
35.10104193727218
13.932183815234776
55.83729186393892
11.242503837153244
2.6428853592875576
11.174270533613338
19.616075091932753
5.164842184337649
1.4546883493049394
6.829676674248654
13.410416375945967
46.952622837526214
5.085193771361287
19.373473814386244
32.04497400160578
