0.05770738114416601
0.050529803446913324
0.04736496444407667
0.3556017438037993
0.05638209399351457
0.050529803446913324
0.05638209399351457
0.05526900741430284
0.3556017438037993
0.3556017438037993
0.5761416733048452
0.04877774409565871
0.05770738114416601
0.8540127333554478
0.047552346703636346
0.05770738114416601
0.05770738114416601
0.050529803446913324
0.053430666233028744
0.04738348487772268
0.050529803446913324
0.3556017438037993
0.04726838790226542
0.3556017438037993
0.047313210857380744
0.047361214087996366
0.3556017438037993
0.3556017438037993
0.8540127333554478
0.3556017438037993
