0.9325153374233128
0.9511817975967055
0.902941176470588
0.4509803921567395
0.3302373458155759
0.6958733055104882
0.9830707594057394
0.5906040264519016
0.9567097643727641
0.5369127515546145
0.7352941176470582
0.6308724832214091
0.6573473774298593
0.583569852676998
0.9631901840490797
0.8555214723926381
0.942638036809816
0.7566771846538839
0.8916666666666666
0.9595560571693934
0.9539877300613497
0.9128159997370309
0.9709661751928432
0.9772661671828645
0.8959276018099548
0.9447852760736196
0.8067484662576687
0.9509803921437787
0.9202453987730062
0.8680981595092024
