0.06680082915736843
0.04371865056350286
0.09635992531551747
0.5483001885505098
0.6701494090050957
0.3139495566282269
0.015862666990241435
0.4084062000397961
0.06688106353855415
0.4620969523244932
0.2639911875575833
0.36813823597733275
0.3420853639367094
0.44867425251635545
0.036157953108674805
0.14377453236806767
0.056684856395420306
0.24733530645478574
0.10763182635736826
0.039885283673314946
0.04534627655830942
0.08627538964605147
0.04164732441241746
0.02215737843400765
0.10352038822690937
0.0545393650085764
0.19254311028567264
0.04834552107197719
0.07906492358569323
0.131199521275502
