8.76E-21 2.43E-20 5.92E-21 1.16E-19 5.18E-19 2.32E-18 1.04E-17 4.65E-17 2.08E-16 3.49 
2.21E-20 7.56E-20 2.3E-20 2.81E-19 1.0E-18 3.58E-18 1.28E-17 4.55E-17 1.63E-16 2.76 
2.47E-20 5.64E-21 5.79E-21 1.14E-19 5.12E-19 2.3E-18 1.03E-17 4.65E-17 2.09E-16 3.5 
2.14E-20 7.38E-20 2.23E-20 2.76E-19 9.89E-19 3.54E-18 1.27E-17 4.56E-17 1.63E-16 2.78 
9.66E-21 2.43E-20 6.01E-21 1.17E-19 5.22E-19 2.33E-18 1.04E-17 4.65E-17 2.08E-16 3.48 
2.25E-20 7.69E-20 2.35E-20 2.85E-19 1.01E-18 3.6E-18 1.28E-17 4.55E-17 1.62E-16 2.75 
2.2E-20 7.53E-20 2.29E-20 2.8E-19 1.0E-18 3.57E-18 1.28E-17 4.56E-17 1.63E-16 2.77 
1.96E-20 6.87E-20 2.04E-20 2.6E-19 9.47E-19 3.45E-18 1.25E-17 4.56E-17 1.66E-16 2.82 
2.13E-20 7.35E-20 2.22E-20 2.75E-19 9.86E-19 3.54E-18 1.27E-17 4.56E-17 1.64E-16 2.78 
5.64E-21 2.47E-20 5.79E-21 1.14E-19 5.12E-19 2.3E-18 1.03E-17 4.65E-17 2.09E-16 3.5 
