2.4E-20 8.33E-21 5.8E-21 1.14E-19 5.13E-19 2.3E-18 1.03E-17 4.65E-17 2.09E-16 3.5 
2.34E-20 7.93E-20 2.44E-20 2.92E-19 1.03E-18 3.64E-18 1.29E-17 4.55E-17 1.61E-16 2.74 
2.49E-20 8.33E-20 2.6E-20 3.04E-19 1.06E-18 3.72E-18 1.3E-17 4.54E-17 1.59E-16 2.71 
2.04E-20 7.08E-20 2.13E-20 2.66E-19 9.64E-19 3.49E-18 1.26E-17 4.56E-17 1.65E-16 2.8 
2.47E-20 5.64E-21 5.79E-21 1.14E-19 5.12E-19 2.3E-18 1.03E-17 4.65E-17 2.09E-16 3.5 
2.29E-20 7.79E-20 2.39E-20 2.88E-19 1.02E-18 3.62E-18 1.28E-17 4.55E-17 1.61E-16 2.75 
2.4E-20 8.1E-20 2.51E-20 2.97E-19 1.04E-18 3.68E-18 1.29E-17 4.55E-17 1.6E-16 2.72 
5.67E-21 2.48E-20 5.82E-21 1.14E-19 5.14E-19 2.31E-18 1.04E-17 4.65E-17 2.09E-16 3.5 
1.91E-20 6.71E-20 1.99E-20 2.55E-19 9.33E-19 3.41E-18 1.25E-17 4.57E-17 1.67E-16 2.84 
5.7E-21 2.49E-20 5.85E-21 1.15E-19 5.15E-19 2.31E-18 1.04E-17 4.65E-17 2.09E-16 3.49 
