0.09959173469827999
0.10794490475725863
0.10794490475725863
0.10528627588916675
0.10794490475725863
0.09845327869730773
0.10794490475725863
0.10756505820064168
0.10794490475725863
0.10794490475725863
0.08291356674085847
0.10073034826148944
0.07950840561200231
0.10794490475725863
0.10794490475725863
0.10794490475725863
0.10794490475725863
0.10794490475725863
0.08897308274352468
0.08897308274352468
0.10794490475725863
0.10756505820064168
0.10794490475725863
0.1068054069164268
0.08897308274352468
0.10794490475725863
0.10794490475725863
0.09845327869730773
0.08897308274352468
0.10794490475725863
