0.6235502776724312
0.5003738699813849
0.6235502776724312
0.6235502776724312
0.5077568099561984
0.46102048063485573
0.621084577653667
0.5003738699813849
0.5520775948005798
0.6235502776724312
0.561931456090358
0.6235502776724312
0.6235502776724312
0.6235502776724312
0.4782326839186393
0.6235502776724312
0.42907856488736
0.6235502776724312
0.6235502776724312
0.6235502776724312
0.5471512713075881
0.6235502776724312
0.4708550326126825
0.621084577653667
0.6235502776724312
0.6235502776724312
0.6235502776724312
0.5841081892012456
0.6235502776724312
0.6235502776724312
