0.0856882188906593
0.08603080198065098
0.06890225161256018
0.08603080198065098
0.08603080198065098
0.06890225161256018
0.08226241070969038
0.06890225161256018
0.08603080198065098
0.08431789056071236
0.08603080198065098
0.0853456361988166
0.08603080198065098
0.06890225161256018
0.08603080198065098
0.08603080198065098
0.08603080198065098
0.08603080198065098
0.08603080198065098
0.07746635632464807
0.08603080198065098
0.08603080198065098
0.08603080198065098
0.08603080198065098
0.08603080198065098
0.08603080198065098
0.08603080198065098
0.08603080198065098
0.08603080198065098
0.08603080198065098
