7.18669373914082
5.949354992000599
7.18669373914082
7.18669373914082
6.023595316829011
5.553406592915728
7.161946964198016
5.949354992000599
6.469037265799492
7.18669373914082
6.568024365570709
7.18669373914082
7.18669373914082
7.18669373914082
5.72663401751536
7.18669373914082
5.23169851865927
7.18669373914082
7.18669373914082
7.18669373914082
6.419543715913883
7.18669373914082
5.652393692686945
7.161946964198016
7.18669373914082
7.18669373914082
7.18669373914082
6.790745340055949
7.18669373914082
7.18669373914082
