0.6204078174438198
0.4978373205749668
0.6204078174438198
0.6204078174438198
0.5051840167981902
0.4586769088545889
0.6179542672065111
0.4978373205749668
0.5492870037344808
0.6204078174438198
0.5590923958797901
0.6204078174438198
0.6204078174438198
0.6204078174438198
0.4758047553118067
0.6204078174438198
0.4268913152872103
0.6204078174438198
0.6204078174438198
0.6204078174438198
0.5443849059986337
0.6204078174438198
0.4684632712694391
0.6179542672065111
0.6204078174438198
0.6204078174438198
0.6204078174438198
0.5811599928586585
0.6204078174438198
0.6204078174438198
