0.12559969180271752
0.13232109213492266
0.13232109213492266
0.13016131856790192
0.13232109213492266
0.12469890555644346
0.13232109213492266
0.13201140369843994
0.13232109213492266
0.13232109213492266
0.11283363200046272
0.12650443479027135
0.11035558673527923
0.13232109213492266
0.13232109213492266
0.13232109213492266
0.13232109213492266
0.13232109213492266
0.11735833337948849
0.11735833337948849
0.13232109213492266
0.13201140369843994
0.13232109213492266
0.1313931653751769
0.11735833337948849
0.13232109213492266
0.13232109213492266
0.12469890555644346
0.11735833337948849
0.13232109213492266
