0.6182770259676078
0.4951793802766918
0.6182770259676078
0.6182770259676078
0.5025649328418174
0.45579066204821156
0.6158149862196295
0.4951793802766918
0.5468791762039854
0.6182770259676078
0.5567269779924001
0.6182770259676078
0.6182770259676078
0.6182770259676078
0.4730230291130385
0.6182770259676078
0.4237886453901174
0.6182770259676078
0.6182770259676078
0.6182770259676078
0.5419552996078988
0.6182770259676078
0.4656376890055297
0.6158149862196295
0.6182770259676078
0.6182770259676078
0.6182770259676078
0.578884753809791
0.6182770259676078
0.6182770259676078
