6.642264682793611
7.186693730894562
7.186693730894562
7.013466306498804
7.186693730894562
6.568024358052574
7.186693730894562
7.161946955980883
7.186693730894562
7.186693730894562
5.553406586591713
6.71650500753465
5.330685612368597
7.186693730894562
7.186693730894562
7.186693730894562
7.186693730894562
7.186693730894562
5.949354985210586
5.949354985210586
7.186693730894562
7.161946955980883
7.186693730894562
7.112453406153523
5.949354985210586
7.186693730894562
7.186693730894562
6.568024358052574
5.949354985210586
7.186693730894562
