0.10261059994524288
0.10680419983706109
0.10261059994524288
0.10261059994524288
0.10648008344797391
0.10875467420242572
0.10267452263998997
0.10680419983706109
0.10475895852127098
0.10261059994524288
0.1044219467360355
0.10261059994524288
0.10261059994524288
0.10261059994524288
0.1078520492915864
0.10261059994524288
0.11067433200752393
0.10261059994524288
0.10261059994524288
0.10261059994524288
0.10493314345246334
0.10261059994524288
0.10822881243609765
0.10267452263998997
0.10261059994524288
0.10261059994524288
0.10261059994524288
0.10371497822448196
0.10261059994524288
0.10261059994524288
