0.08621992766125075
0.07743503492645488
0.10020145421279597
0.10020145421279597
0.10020145421279597
0.10020145421279597
0.10020145421279597
0.10020145421279597
0.0805567960180746
0.10020145421279597
0.10020145421279597
0.09295197092661567
0.10020145421279597
0.09266666457822446
0.10020145421279597
0.10020145421279597
0.10020145421279597
0.07924508294871474
0.10020145421279597
0.10020145421279597
0.10020145421279597
0.08594505695038905
0.10020145421279597
0.09990747416274026
0.10020145421279597
0.09295197092661567
0.10020145421279597
0.10020145421279597
0.09990747416274026
0.10020145421279597
