0.1833846546561261
0.22043357737787406
0.1833846546561261
0.1833846546561261
0.21790201336863446
0.2346783954238901
0.18402765163748125
0.22043357737787406
0.20358925459799915
0.1833846546561261
0.20060259231967278
0.1833846546561261
0.1833846546561261
0.1833846546561261
0.22828813398405373
0.1833846546561261
0.24723126927122174
0.1833846546561261
0.1833846546561261
0.1833846546561261
0.20510797196533637
0.1833846546561261
0.23099629401367855
0.18402765163748125
0.1833846546561261
0.1833846546561261
0.1833846546561261
0.19412317182933994
0.1833846546561261
0.1833846546561261
