0.10417867598279121
0.10261059994524288
0.10261059994524288
0.10307169723397033
0.10261059994524288
0.1044219467360355
0.10261059994524288
0.10267452263998997
0.10261059994524288
0.10261059994524288
0.10875467420242572
0.10394313364649978
0.11004644401481713
0.10261059994524288
0.10261059994524288
0.10261059994524288
0.10261059994524288
0.10261059994524288
0.10680419983706109
0.10680419983706109
0.10261059994524288
0.10267452263998997
0.10261059994524288
0.10280427336640131
0.10680419983706109
0.10261059994524288
0.10261059994524288
0.1044219467360355
0.10680419983706109
0.10261059994524288
