0.10171680475865884
0.10171680475865884
0.10171680475865884
0.10281452631233305
0.10171680475865884
0.10171680475865884
0.10171680475865884
0.10171680475865884
0.10171680475865884
0.10588457599999185
0.10171680475865884
0.10171680475865884
0.10171680475865884
0.10989257270618134
0.10204099177415284
0.10588457599999185
0.10588457599999185
0.10171680475865884
0.10259481430500689
0.10304125972399661
0.10505081113967998
0.10171680475865884
0.10171680475865884
0.10599459855046948
0.11109231114605828
0.10171680475865884
0.10171680475865884
0.10351709170409047
0.10210778842395776
0.10335504976571236
