7.18669373914082
7.18669373914082
7.18669373914082
6.790745340055949
7.18669373914082
7.18669373914082
7.18669373914082
7.18669373914082
7.18669373914082
5.949354992000599
7.18669373914082
7.18669373914082
7.18669373914082
5.206951743716466
7.062959864426798
5.949354992000599
5.949354992000599
7.18669373914082
6.864985664884363
6.716505015227536
6.147329191543034
7.18669373914082
7.18669373914082
5.924608217057795
5.033724319116835
7.18669373914082
7.18669373914082
6.568024365570709
7.038213089483993
6.617517915456318
