0.6182770259676078
0.4951793802766918
0.6182770259676078
0.6182770259676078
0.4927175403208792
0.6182770259676078
0.5838087430580968
0.6182770259676078
0.6059668561902323
0.56657484176025
0.6182770259676078
0.6108909153423918
0.4336352761472765
0.6182770259676078
0.4459437480561699
0.6182770259676078
0.6182770259676078
0.6182770259676078
0.4927175403208792
0.5493411206582302
0.4927175403208792
0.5567269779924001
0.6182770259676078
0.6182770259676078
0.6182770259676078
0.5567269779924001
0.6182770259676078
0.6182770259676078
0.5567269779924001
0.6182770259676078
