7.186693730894562
5.949354985210586
7.186693730894562
7.186693730894562
6.023595309951622
5.553406586591713
7.161946955980883
5.949354985210586
6.469037258397855
7.186693730894562
6.568024358052574
7.186693730894562
7.186693730894562
7.186693730894562
5.72663401098747
7.186693730894562
5.231698512713879
7.186693730894562
7.186693730894562
7.186693730894562
6.419543708570496
7.186693730894562
5.65239368624643
7.161946955980883
7.186693730894562
7.186693730894562
7.186693730894562
6.790745332275689
7.186693730894562
7.186693730894562
