6.46E-18 8.87E-19 4.75E-17 3.49E-16 5.76 
6.65E-18 9.4E-19 4.75E-17 3.39E-16 5.59 
6.67E-18 9.48E-19 4.75E-17 3.37E-16 5.57 
6.48E-18 8.93E-19 4.75E-17 3.48E-16 5.74 
6.42E-18 8.76E-19 4.75E-17 3.51E-16 5.79 
6.4E-18 8.7E-19 4.75E-17 3.53E-16 5.81 
6.44E-18 8.8E-19 4.75E-17 3.51E-16 5.78 
6.5E-18 8.97E-19 4.75E-17 3.47E-16 5.72 
6.45E-18 8.85E-19 4.75E-17 3.5E-16 5.76 
6.45E-18 8.83E-19 4.75E-17 3.5E-16 5.77 
6.67E-18 9.46E-19 4.75E-17 3.38E-16 5.57 
0.356 0.382 0.561 0.714 9.22E-18 
