0.38 0.344 0.567 0.691 0.283 
0.372 0.337 0.555 0.676 0.353 
0.371 0.335 0.553 0.674 0.364 
0.37 0.334 0.552 0.672 0.37 
0.364 0.329 0.543 0.662 0.41 
0.361 0.326 0.538 0.656 0.431 
0.376 0.339 0.56 0.682 0.326 
0.374 0.338 0.558 0.68 0.337 
0.371 0.335 0.554 0.674 0.361 
2.41E-17 2.18E-17 3.59E-17 4.39E-17 1.07 
0.389 0.352 0.581 0.707 0.172 
0.373 0.337 0.556 0.677 0.351 
0.37 0.334 0.551 0.671 0.373 
0.388 0.35 0.578 0.704 0.199 
0.368 0.333 0.549 0.669 0.383 
0.359 0.325 0.535 0.652 0.442 
0.385 0.348 0.574 0.699 0.235 
