5.72E-18 6.91E-19 4.76E-17 3.97E-16 6.53 
5.64E-18 6.71E-19 4.76E-17 4.03E-16 6.62 
6.03E-18 7.69E-19 4.76E-17 3.76E-16 6.18 
5.77E-18 7.05E-19 4.76E-17 3.93E-16 6.46 
5.72E-18 6.93E-19 4.76E-17 3.96E-16 6.52 
5.75E-18 6.99E-19 4.76E-17 3.95E-16 6.49 
5.86E-18 7.27E-19 4.76E-17 3.87E-16 6.36 
5.78E-18 7.06E-19 4.76E-17 3.92E-16 6.46 
6.16E-18 8.04E-19 4.76E-17 3.67E-16 6.05 
5.76E-18 7.03E-19 4.76E-17 3.93E-16 6.47 
5.75E-18 7.0E-19 4.76E-17 3.94E-16 6.49 
0.381 0.408 0.522 0.714 0.0 
