4.08E-17 1.59E-17 1.71E-17 1.2E-16 2.11 
4.08E-17 1.59E-17 1.7E-17 1.21E-16 2.12 
4.09E-17 1.58E-17 1.7E-17 1.21E-16 2.13 
0.427 0.516 0.562 0.724 6.67E-17 
0.43 0.519 0.558 0.724 6.67E-17 
0.429 0.518 0.56 0.724 6.67E-17 
0.422 0.51 0.572 0.724 6.67E-17 
0.426 0.515 0.564 0.724 6.67E-17 
0.424 0.513 0.568 0.724 6.67E-17 
0.414 0.5 0.586 0.724 6.67E-17 
0.42 0.508 0.575 0.724 6.67E-17 
0.424 0.512 0.569 0.724 6.67E-17 
0.425 0.513 0.567 0.724 6.67E-17 
0.421 0.508 0.574 0.724 6.67E-17 
