3.94E-18 3.25E-19 4.79E-17 5.82E-16 9.53 
3.92E-18 3.22E-19 4.79E-17 5.85E-16 9.58 
1.45E-18 3.64E-18 4.79E-17 5.88E-16 9.63 
0.4 0.459 0.531 0.705 0.219 
0.39 0.447 0.518 0.687 0.326 
3.94E-18 3.26E-19 4.79E-17 5.81E-16 9.52 
0.244 0.28 0.324 0.43 0.878 
0.344 0.394 0.456 0.606 0.591 
3.95E-18 3.27E-19 4.79E-17 5.8E-16 9.51 
4.02E-18 3.38E-19 4.79E-17 5.7E-16 9.35 
0.399 0.458 0.53 0.703 0.233 
3.92E-18 3.21E-19 4.79E-17 5.85E-16 9.59 
0.397 0.455 0.527 0.7 0.257 
0.398 0.456 0.528 0.701 0.25 
0.371 0.425 0.492 0.653 0.459 
0.396 0.454 0.526 0.698 0.266 
