3.35E-19 4.0E-18 4.79E-17 5.73E-16 9.39 
3.4E-19 4.03E-18 4.79E-17 5.69E-16 9.33 
3.36E-19 3.99E-18 4.79E-17 5.74E-16 9.4 
3.65E-19 4.17E-18 4.78E-17 5.49E-16 9.0 
4.2E-19 4.47E-18 4.78E-17 5.11E-16 8.39 
4.05E-19 4.39E-18 4.78E-17 5.21E-16 8.54 
4.07E-19 4.4E-18 4.78E-17 5.19E-16 8.52 
4.06E-19 4.4E-18 4.78E-17 5.2E-16 8.53 
4.11E-19 4.42E-18 4.78E-17 5.17E-16 8.48 
3.33E-19 3.99E-18 4.79E-17 5.75E-16 9.42 
4.21E-19 4.48E-18 4.78E-17 5.11E-16 8.37 
4.11E-19 4.43E-18 4.78E-17 5.17E-16 8.47 
0.366 0.355 0.526 0.71 0.0 
