3.68E-18 2.83E-19 4.79E-17 6.24E-16 10.2 
3.69E-18 2.85E-19 4.79E-17 6.22E-16 10.2 
3.58E-18 2.68E-19 4.79E-17 6.41E-16 10.5 
3.71E-18 2.88E-19 4.79E-17 6.19E-16 10.1 
3.83E-18 3.07E-19 4.79E-17 5.99E-16 9.82 
3.79E-18 3.02E-19 4.79E-17 6.04E-16 9.9 
3.9E-18 3.19E-19 4.79E-17 5.88E-16 9.63 
3.84E-18 3.09E-19 4.79E-17 5.97E-16 9.78 
3.68E-18 2.84E-19 4.79E-17 6.23E-16 10.2 
3.83E-18 3.08E-19 4.79E-17 5.98E-16 9.81 
3.8E-18 3.03E-19 4.79E-17 6.03E-16 9.88 
0.487 0.417 0.548 0.722 0.0 
