5.03E-18 5.32E-19 4.77E-17 4.53E-16 7.44 
5.03E-18 5.34E-19 4.77E-17 4.53E-16 7.43 
4.97E-18 5.2E-19 4.77E-17 4.59E-16 7.53 
4.96E-18 5.17E-19 4.77E-17 4.6E-16 7.55 
5.04E-18 5.36E-19 4.77E-17 4.52E-16 7.42 
0.34 0.363 0.532 0.682 0.308 
0.345 0.369 0.54 0.692 0.252 
0.292 0.312 0.456 0.585 0.599 
0.238 0.254 0.372 0.476 0.777 
0.342 0.365 0.535 0.685 0.292 
0.261 0.279 0.408 0.523 0.71 
4.96E-18 5.18E-19 4.77E-17 4.59E-16 7.54 
0.348 0.372 0.544 0.697 0.223 
0.339 0.362 0.53 0.679 0.32 
0.344 0.368 0.538 0.69 0.267 
0.336 0.359 0.525 0.672 0.349 
0.347 0.371 0.543 0.695 0.235 
0.326 0.348 0.51 0.653 0.42 
0.335 0.358 0.524 0.672 0.351 
0.332 0.355 0.52 0.666 0.375 
