10.342830669685169
13.044033777881468
9.072903048486461
0.8471500493691927
11.56339241150086
2.5082417726817234
0.16479488720596333
0.9493665820099889
12.275455581026637
12.022909877012106
9.923956961895462
11.103602260440674
7.986401589350223
2.1404785295222024
4.469568069190715
6.317353003208103
10.576296239614452
9.77111867131696
12.694416420743746
5.292548483818162
14.636157315548324
9.77317191614149
9.582720360852578
14.493775179444194
9.293531177966134
10.377369037615434
1.6629579711511582
11.732147242447772
13.474500006072718
8.575732213034513
