1230.497918161773
866.8482415730682
8339.706153268575
1046.1507617755915
965.232904921096
501.6262522420866
620.586809992338
498.8748271629277
546.0137169266534
77.33496232114658
735.6129528658026
843.9549926911063
989.8267951650558
801.4844966106706
972.836635624201
545.5077873937093
1093.5829426003277
15524.852683130182
1889.6391237617452
1237.1113472135119
688.9768047068942
1278.2175615368997
697.9568474561034
316.4099245049496
379.15735125714195
846.1020723148999
991.1554841706121
308.79007266441687
1151.0920807071025
590.9791933428437
