0.8506156363119116
0.4198666751076267
0.2631386877079597
0.3891413790328985
0.3806703263980016
0.8046421101889921
0.23050902364160944
0.5323973872074248
0.42379651137437147
0.9269737990595558
0.5010681980787957
0.4621874781428212
0.572535918509907
0.47625969229216425
0.3996230814911078
0.38620571991922853
0.4152861573496879
0.40287174438678186
0.4526007452287479
0.49310667275202247
0.8207994929141902
0.7351302544649091
0.759579769437379
0.7113011429120774
0.5339230300886261
0.47544942786868327
0.8642446118065378
0.6046271489370767
0.630080198320382
0.8075161928778188
