0.12396946781341571
0.12122735165634799
0.09277293528831482
0.9797361674508256
0.12401163598917031
0.9851725915654422
0.12543082669720693
0.9255419408506499
0.12163812517929762
0.12416072715019015
0.1521528010826492
0.1413775360603171
0.138239640100685
0.31372607119876045
0.1425579170603089
0.13855356509368444
0.12374900791159575
0.13776348874032102
0.12743174945680483
0.061691302429715
0.1713748206447541
0.12678374629431144
0.12678374629431144
0.11366785903550156
0.9539954629426352
0.12374900791159575
0.6705600759963647
0.0792811669790429
0.12407378224557931
0.11016096465763849
