0.043759468026803965
0.06046809492349573
0.059681553478709334
0.03829114574241102
0.05070954471422399
0.049755210173411446
0.05746247126660345
0.053816220288303865
0.053589367717413024
0.027238256071722693
0.05017224058249328
0.05544334817717376
0.02980319723050751
0.05316776514053433
0.16345928478322966
0.04315247662287949
0.051689149850464244
0.0527122795664888
0.04942867917590765
0.051742409798773474
0.03759384633410567
0.05549525237580791
0.05549525237580791
0.0495691397513057
0.03403801706329844
0.05049477798974953
0.030389997028863858
0.050610308791593644
0.022951074612445298
0.07592615298546485
