0.24922182666267736
0.27054542809627746
0.24739727689913052
0.00846608530775844
0.24892144521245557
0.016456933954430358
0.23911348277544803
0.01570145030398089
0.26725780941771815
0.24925752656061326
0.14276851544587768
0.17244930032011038
0.1806374848021064
0.07570410780523432
0.18207709601594232
0.14953507336937233
0.25088021355831724
0.18535752690255686
0.24223631748995292
0.20504539690197054
0.11617322059495849
0.22884587438231357
0.22884587438231357
0.3378008803762316
0.029912972236358235
0.25088021355831724
0.04888535130150181
0.3242979816257736
0.2499761444229203
0.2646383559118394
