0.46573343585069715
0.40052301922439315
0.5667036657247846
0.9389016826459192
0.3661231293349381
0.9336671709356136
0.3160242105328492
0.9321830365556183
0.4000895811353879
0.4281119372129303
0.5127556370199896
0.3973181564890298
0.4923907650096059
0.8786946717812171
0.7912488335747432
0.6687314276122823
0.3982927259618224
0.5390508696370326
0.4596124776939983
0.6829627215346852
0.5381019931987128
0.4433124952931875
0.43644751485397804
0.32740075255401396
0.9310396439785685
0.4072448001770557
0.9147855864641049
0.4898815397477032
0.29576235178745003
0.5222850457020938
