0.26460595238024065
0.21377158331479962
0.3103985981077256
0.23070159505931137
0.16527319136525737
0.12676508244837434
0.2409200617309723
0.17953787280297676
0.2787253534643507
0.22234837481354616
0.1993876713195641
0.3318356822577728
0.29763293386471135
0.2315028712673138
0.2588106918817516
0.18629494339927188
0.11776171071827685
0.11304429488389828
0.2417499056387744
0.27108874286956575
0.3433421126865096
0.2820727336016791
0.32238404345793725
0.41241094129336275
0.21812669639677743
0.28055584387659194
0.1535632921399296
0.2661405633812823
0.2963772168969726
0.4132335226983932
