1.5286626251618092
2.110266830887153
2.3422565952334056
2.1233523880392537
2.3785671564050523
2.0896283443088532
2.079309101019703
2.2547362369352526
1.8264876404355288
1.6818955701977154
2.2598958585798274
2.507557697519427
2.3424498048930276
1.9044481808451026
1.9263386015645179
1.2436347036508737
2.024845494801886
1.9336354084709895
2.0896283443088532
2.538515427386877
1.4277434231041006
1.8264876404355288
2.6675059685012514
2.0844687226642784
1.9555258291904047
2.115426452531728
2.3424498048930276
1.842425322140093
1.8264876404355288
2.079309101019703
