0.03770371188109148
0.05341852756479726
0.05252653052642353
0.036490244581028015
0.042054803632908366
0.04198223552463756
0.04999084103682038
0.04575296875188371
0.04548591997358094
0.0107912677883043
0.04140534154605653
0.04765620044225129
0.029013823634480383
0.04498844111013892
0.16098473954439402
0.04122663347551047
0.04323097033081134
0.044449218222415925
0.04050114700294354
0.043294636564702955
0.03529867211266964
0.04771657594328737
0.04771657594328737
0.04067245012491932
0.0329047214005828
0.04179558813693633
0.028973059138327963
0.041935091981047896
0.02251921271648586
0.05872816109506319
