0.341915869626928
0.3593952063615099
0.3477916836458845
0.8644592979250204
0.29895277673227116
0.33588143707576246
0.5437254783480717
0.9009189245165109
0.6041789157744877
0.3599315233908905
0.3648051772055009
0.23072344996023492
0.5154367944703713
0.3037059743375685
0.704489420525272
0.8160261061520815
0.6522631109570012
0.422043623181233
0.9331397900766296
0.07272727272727274
0.41568779824613517
0.4427453074053382
0.29533244584439033
0.638128159229843
0.3355728726252466
0.4468499047429168
0.057666832771920744
0.46489103591723646
0.34705187206709154
0.7837210537834277
