8.678543076339231
11.283180321128588
12.686508800950673
6.730126784730831
4.561239040128835
6.800104722225911
11.865445839082776
6.875417012965474
8.875556285828475
6.8035256692382164
10.347609782596708
14.494187912110531
12.046199716791362
7.20407611982066
10.693078071161757
13.95399212289483
1.8280835651452283
0.9271207179971074
7.161195775064086
13.054414628929376
12.84239896367843
11.323231674893718
14.671481953409462
15.281568827343103
10.162768091997705
7.682214868179441
13.257420611704223
8.26440264272782
14.966662848917549
19.090049379826777
