1.9761166681282034
2.094165160413367
2.203140020489503
2.0380321278631035
1.9709570464836286
2.6778252117904016
1.9810646533630558
1.3879198006466553
2.115426452531728
2.130649194945726
2.203140020489503
2.6778252117904016
1.8351285152336212
2.1515438040437527
1.9812762897727785
1.7876992703415553
2.148891212211905
1.9245204516824537
0.9159125260410963
14.601710832403189
1.9336354084709895
2.3203661745139903
2.910008185796275
1.8132380945142064
1.9336354084709895
2.305772560701047
13.260209204813693
2.2328044916363297
1.951877425737169
2.5488346706760265
