0.7029791409759241
0.7348412596139281
0.7323345571672211
0.43712853823684283
0.7031510248704724
0.7030526369122511
0.725281890037012
0.7135299666797432
0.7127850008373017
0.10509937025673778
0.7013510749872397
0.7188044242562648
0.3343281217024957
0.7112069005558537
1.0975690077025952
0.47243675695331516
0.7063918735549715
0.709899590664282
0.6988397640540636
0.7066860737388345
0.4546694954382161
0.7189635327118424
0.7189635327118424
0.699324460238628
0.37984868998865734
0.702429540440467
0.39929548523318525
0.7028208586483327
0.26492804210275817
0.7401179859080189
