16.698022238826198
14.907617804730647
15.054561394177982
10.752729751538881
12.62153632957015
20.237424017390122
12.486558889967498
2.4955838761516547
12.891419248245715
13.369795731727702
13.846521114675816
22.236685664269388
11.631731150952001
15.238077966894087
6.954786696920562
3.9568578196075412
10.615577268485096
12.885367540780175
1.094009070901674
280.9474071735645
11.69623058521632
13.597187155697098
24.855193106400453
9.03341342457802
42.34167905207877
13.067564094280147
263.5072451873555
14.567033797143461
15.457191802363264
5.816553149474313
