0.12033177331248472
0.5898442107445468
0.5843572422946154
0.46913090484605574
0.5240005893453699
0.2012408642215756
0.662546542706138
0.5211780393463361
0.5953311791944782
0.027604500585211966
0.48833529442081564
0.5541789158199927
0.3758524411972217
0.5528071737075098
0.5412408642215757
0.503424457658127
0.48833529442081564
0.5322310420202669
0.5185136208954384
0.5624093684948898
0.1800009074418229
0.2785135914943029
0.24578631876703017
0.3221382004888536
0.4375808362589501
0.48833529442081564
0.11760450058521198
0.4580423478017395
0.32646972514783895
0.12396813694884835
