1.919041794658046
2.1051072092425778
2.0357907051615936
0.6111230279176645
1.9606378031944784
0.7293248150897815
1.9336354084709895
0.7556004412020068
2.079309101019703
2.0321423017083577
1.470473746959855
1.6235211149459416
1.6433210720531175
1.8460737255933288
2.2547362369352526
1.501431476827305
1.9263386015645179
1.7181355858994543
1.9090415867487287
1.8264876404355288
1.4446756387369803
1.8264876404355288
1.8264876404355288
2.2444169936461025
1.0467359155213014
1.9263386015645179
1.8579764807821353
2.2082996421340777
2.0394391086148294
1.9657974248390535
