0.04525189123583974
0.04993550074284785
0.05764399716554733
0.03295696285314097
0.02907400620141426
0.037876540477451946
0.05284851492397966
0.04435676273685748
0.04006400885599123
0.03410571141007629
0.04796040231140711
0.05821332734646434
0.05819301980039835
0.032693591688584996
0.05425983114920404
0.045685863889712366
0.009586700336715787
3.417791096708112E-4
0.04107962441544436
0.055353255847686945
0.061925194748998484
0.05663967881835125
0.06065553356006576
0.06294224268588702
0.05047400959114251
0.041721430453616454
0.040091773054997594
0.049023225845015166
0.058067426258609556
0.06957447850795997
