0.6040572343130545
0.38526894516595067
0.4832964190003345
0.699446092047032
0.7455540486282233
0.435043608859816
0.489709009482429
0.6372157377727705
0.6319687546280394
0.6905199274338959
0.46828720849142624
0.4722261183791867
0.4647235182972338
0.7011850828611468
0.419660711428291
0.35885519064200433
0.8715732075289967
0.9338016201428948
0.6431248031871426
0.5091017228126672
0.4329065168592667
0.4030310893783551
0.4298391690888679
0.40433687560072096
0.43687590286902583
0.6225669980408748
0.5189414884780416
0.5773977669321502
0.341903643711599
0.2912344387288129
