0.06137477684334266
0.13202776052252072
0.09817033091321428
0.07030811141530062
0.06968726557005164
0.1601952269467366
0.12729729834832465
0.1233618427749742
0.06133539019216152
0.06598684166318457
0.13546070914595135
0.08577863103050141
0.11881325867305104
0.07188424208621572
0.12384192668451703
0.14001708043917027
0.25522865349775253
0.9761396549504396
0.05807326436615119
0.11657375966280495
0.10405979097083504
0.12073217388408808
0.11595592490437598
0.06799128617537481
0.13097039811505562
0.05914463142983121
0.15394930095049428
0.07646176846688225
0.11896465794971395
0.10712561252472853
