0.05490330883628134
0.05695505553271238
0.050792106044457656
0.007037818759639447
0.054872113958384344
0.007241063610063223
0.053844092587777025
0.0067529108148827255
0.05663889721689363
0.05469785405416103
0.04080614785286938
0.045324825453329845
0.046773253516315054
0.0108354833316161
0.01971972920517932
0.041588352049587954
0.05506343334949637
0.04707021658652157
0.05297605656676257
0.03719995928422206
0.034648535927981665
0.05293115716431474
0.05293115716431474
0.06338152703669553
0.007663166429838399
0.05506343334949637
0.008134255212307291
0.05696858256881794
0.05475555603753738
0.05509730932194785
