0.062260345065221004
0.07504688416532837
0.07502667827750924
0.1031045379130994
0.07446735336664313
0.07446455645817043
0.07495455972148259
0.07475372329432137
0.07473671248673444
0.23882538118603125
0.0744105535104985
0.07485709755416337
0.1256288574206242
0.07467767987477195
0.06797525643112283
0.0988818509260443
0.07456015786135187
0.07466717804602416
0.0743257451821339
0.07458134976418129
0.09890944902462666
0.0748588962805348
0.0748588962805348
0.07434351459773435
0.11441476345382896
0.07444460780189516
0.11051416167458473
0.07445733020638048
0.149940699233183
0.05880720410421265
