0.11084256341727855
0.09975914227632061
0.09574038937145961
0.1070710085068482
0.07436371278153882
0.07504688416532837
0.11680728088669853
0.17571450769269578
0.07458134976418129
0.07457782921609105
0.07469258151250788
0.07504688416532837
0.11343686894271733
0.09803023337246829
0.09929069532695134
0.1173912394109304
0.07459987266431259
0.10799190851303184
0.4590211047974579
0.06003820189085031
0.07429366715157942
0.07476875014020691
0.07508766115577081
0.12491009383196296
0.07429366715157942
0.07475627681259692
0.06160793150831834
0.09655770371832112
0.10570742373842429
0.07498856620585866
