0.4087265135368399
0.37253154651577325
0.8990443028544659
0.37474430316987434
0.3616638183524001
0.3069998421377795
0.3862471895749601
0.3625701339203841
0.33625608970666654
0.050437247130996996
0.2726118647612561
0.3553997261862596
0.41007262034146647
0.41657121152774534
0.38566063527572414
0.3484289106259968
0.37558872836191853
0.387261540225628
0.33625608970666654
0.4024406314852817
0.40188099212133616
0.4002969954245164
0.35463304786497113
0.27884169009688603
0.33625608970666654
0.35175122812556675
0.387261540225628
0.4096884234078655
0.3977789177774669
0.329887290062198
