1.592816066960861
1.4218683568811703
1.5747157211877174
1.518403534337937
1.592816066960861
1.5505819268235257
1.673262048174833
1.6350502070981963
1.5727045716573682
1.5344927305807314
1.512370085746889
1.7476745807977572
1.6471171042802921
1.5405261791717793
1.6270056089767992
1.564659973535971
1.5847714688394638
1.5505819268235257
1.6068941136733064
1.5546042258842243
1.4842139923219988
1.6350502070981963
1.6149387117947034
1.5827603193091146
1.5666711230663202
1.5867826183698133
1.4842139923219988
1.5948272164912105
1.5606376744752724
1.460080197957807
