0.20408163265306123
0.1942307692307692
0.2074175824175824
0.20204081632653062
0.20204081632653062
0.2074175824175824
0.22168367346938775
0.22335164835164834
0.21318681318681318
0.20961538461538462
0.19340659340659339
0.23873626373626372
0.2181122448979592
0.20247252747252747
0.2135204081632653
0.21373626373626373
0.2164835164835165
0.20412087912087912
0.214010989010989
0.2098901098901099
0.1967032967032967
0.22335164835164834
0.21096938775510204
0.20824175824175822
0.1987244897959184
0.20769230769230768
0.19999999999999998
0.20934065934065935
0.20484693877551022
0.1953296703296703
