0.011164605094279453
0.06206206949467084
0.0
0.011502926460772799
0.0
0.09849132016326011
0.0197022442840226
0.006467908477078137
0.06766427329866341
0.03945424171017649
0.0
0.021453554887046734
0.013582607801864014
0.01797083493785087
0.0020896319695175468
0.009851122142011282
0.012537791817105308
0.02486662043725879
0.0
0.0
0.0
0.0
0.035812311706160165
0.06364421941444855
0.029553366426033786
0.006716674187734953
2.98518852788217E-4
0.006726624816161228
0.04394197513042603
0.0
