0.00644800722022553
0.0
0.09555588477750925
0.01711508089319133
0.0
0.04943472202172937
0.2061770209923975
0.0
0.040717971520313256
0.0
5.699312458732963E-4
0.0
0.11711889657724515
0.042688195948715604
0.1204026039579155
0.009851122142011282
0.011492975832346486
0.02847869855599628
0.0761223074609962
0.034598335038154765
0.010189443508504589
0.0
0.06609207400731189
0.03347391402598577
3.980251370509839E-5
0.029553366426033845
0.009562553917649343
0.09264035064861094
0.01795093368099832
0.0012040260395791535
