0.023851656262392523
0.003044892288816059
0.07021163395387646
0.0659726662576814
0.13045273825613904
0.02955336633262652
0.027951315161059923
0.020597800777285125
0.0
0.0
0.0014328904888546296
0.062101871812095005
0.0
0.0693558799119214
0.02292624782167397
0.003403114911029714
0.0
0.0
0.020597800777285177
0.01474683128112879
0.0916950406583005
0.0
0.001671705570330401
0.02847869846598561
0.0494546231222741
0.021980938124165655
0.01325423702190522
3.582226222136574E-4
0.009562553887425619
0.023891458775971822
