0.10243096366978549
0.11157665091999217
0.1025322679309963
0.11262237960986146
0.10252767734518319
0.11264946936249988
0.12670593131837893
0.11148465793377531
0.08250568321963277
0.08443718674902616
0.08145876589221357
0.1027646749504968
0.1113879817225489
0.10196958676822927
0.11175728206736647
0.10204928695487464
0.11054304097335925
0.12620399190496237
0.10178370249108246
0.12271613119765433
0.10187696364392262
0.14251740005388974
0.10172998677414194
0.11213725813060917
0.11120292887407167
0.10200362597791571
0.11161140684422974
0.10245566475488918
0.11273566107857906
0.11126018870134152
