0.7024555816915521
0.6988944960596952
0.7033999227948782
0.7015157900394666
0.7016619469492947
0.7025308757584556
0.7072947878181627
0.702968769671809
0.7034132194786604
0.7008144787494467
0.5441875945972947
0.705827642885486
0.7060990435673881
0.7022284981548352
0.7034056698576661
0.702345163443444
0.7036444615273845
0.7024265280855306
0.7045105940657364
0.7027359788694726
0.7005127303032772
0.7029687696718091
0.7043491295111125
0.7036385991714519
0.701206311154546
0.7036379915348299
0.700531699002947
0.703707321575508
0.7024644192350578
0.6997085206843753
