1.2699637789868787
2.107178207895823
1.1851109652461072
2.2061731572600567
1.2077383822436463
2.2061731572600567
3.181980515278928
2.135462479142747
1.1186429278158363
1.2077383822436463
1.0847018023195278
1.3293607486054186
2.107178207895823
1.1851109652461072
2.1496046147662087
1.1129860735664516
2.1637467503896706
3.139554108408542
1.077630734507797
2.9132799384331514
1.0917728701312588
4.157787873297798
1.0663170260090273
2.177888886013133
2.135462479142747
1.1045007921923744
2.1637467503896706
1.1737972567473376
2.2061731572600567
2.0647518010254373
