0.06068681032333464
0.06093175731897295
0.06054983484667228
0.06045164239679798
0.0602575444011493
0.06080320107603645
0.0606854646361703
0.06067734460084057
0.06082240594505516
0.06082631394881997
0.06057316066654474
0.06080867843132693
0.06080272299595143
0.06076567929517634
0.060295292084438776
0.06057200230122487
0.06058065295849619
0.06058625527992884
0.0607317467269833
0.06042222264461265
0.06053100061135816
0.06039599827359419
0.060703155937539825
0.060832946079635804
0.060821249472453445
0.06040793863624872
0.06067064988286689
0.060591583066441336
0.060901852699782086
0.060287151909146276
