1.0507606768232192
1.079044948070143
1.0832875887571816
1.071973880258412
1.0465180361361806
1.0479322496985268
1.1172287142534902
1.0253048327009877
0.9998489885787563
1.05783174463495
1.042275395449142
1.0465180361361806
0.9998489885787563
1.0451038225738345
0.9998489885787563
1.021062192013949
0.9998489885787563
0.9998489885787563
0.9998489885787563
1.0465180361361806
1.0521748903855654
1.0394469683244496
1.0832875887571816
0.9998489885787563
1.042275395449142
1.0394469683244496
1.070559666696066
3.0122748877973846
1.0238906191386417
1.0691454531337197
