0.06128990590478048
0.06092460657399457
0.061167535670433405
0.061405742556596525
0.06129014433547617
0.06122654314772519
0.06116991537010357
0.061306202619218514
0.061044795266760966
0.06128311964119084
0.06077260172425456
0.06116528502345233
0.06100969332127724
0.06127077672834116
0.060902270380287775
0.06097667937461087
0.06088718600000643
0.06102863620173758
0.06130883582252588
0.061061991355250436
0.0612744940908599
0.0607545696983817
0.06102352754910598
0.06103727679143583
0.061149461794611046
0.061042383127642534
0.06106629220518867
0.06111840316853372
0.06125795285895487
0.060925354777803295
