0.6510260950415284
0.6466257784384324
0.6467705003360448
0.647749563246285
0.65332538609086
0.6506400064536606
0.6399581287449932
0.6578058779244012
0.6604454932036627
0.6364497262577855
0.6528763627504227
0.6502190864938252
0.6604454932036627
0.6526450179639729
0.6604454932036627
0.6567933152238173
0.6604454932036627
0.6604454932036627
0.6604454932036626
0.6520772736092233
0.6522116932700565
0.6535297488286024
0.645750088312201
0.6604454932036627
0.6528763627504227
0.6555397362491959
0.6482884333047558
0.294896271561117
0.6551563809078204
0.6475254370339051
