0.20222853461366175
0.21193405789715397
0.19870558186395426
0.19464537180976382
0.18919685052825108
0.20656142816607578
0.20224358412326007
0.2019629922678928
0.20792612004484462
0.20727024499885682
0.1995765698802959
0.2074981455680799
0.20708374745708633
0.2050322899484524
0.19015680296078494
0.1988447973175132
0.1989425993364835
0.19886162947418698
0.20668209711158816
0.19420579778422595
0.1979690772017898
0.1933365061257572
0.2027870153888623
0.20755871176408788
0.2071450978972178
0.19362442565178936
0.20352253284651473
0.19899057741906231
0.2105519114608143
0.19005220586402405
