0.6379604058919941
0.6504485390327032
0.6528888375677471
0.6371817109746227
0.6519844133117235
0.6435457600576706
0.645789405011746
0.6367259596428194
0.6405763330349882
0.6247467009324078
0.6560491713454405
0.6514060863872209
0.641080862304195
0.6470380080760868
0.6577287162734221
0.6484122703958364
0.6484274784596533
0.6399581287449932
0.6367706026688625
0.6477811007058131
0.6497315173695201
0.6537547160399031
0.6433197415977192
0.6521875145510846
0.65088971304988
0.6508974222066538
0.6475571146599197
0.6381028150425745
0.6366850310286761
0.6571255097975139
