0.0491268746568887
0.04913769365113909
0.049129817414242945
0.04912632823214945
0.04913268309371106
0.049140846794709654
0.04920372790144793
0.049064341383025976
0.04899253011713124
0.055766905018253536
0.04907340475318406
0.04913717847782389
0.04899253011713124
0.04913142125652831
0.04899253011713124
0.049056121262011206
0.04899253011713124
0.04899253011713124
0.0489925301171313
0.0491259831143181
0.04913589182756251
0.0490665732229874
0.04914655533681703
0.04899253011713124
0.04907340475318406
0.04910823429840686
0.04918849833825347
0.04938619510083498
0.04906471948714498
0.04920492452533614
