0.7005715550475917
0.700791569533966
0.7006963619806628
0.7006106308239445
0.7005969038617037
0.7006948857858929
0.701910800410235
0.6997146523749148
0.6988944960596954
0.49291374355883
0.699853764251664
0.7006415234906275
0.6988944960596954
0.7005715030570359
0.6988944960596954
0.6996107984517783
0.6988944960596954
0.6988944960596954
0.6988944960596952
0.700571037720628
0.7006474611044033
0.6997677314854979
0.7009251063683919
0.6988944960596954
0.699853764251664
0.7003111823549958
0.7015677238475935
0.9502481506354195
0.6997159790821003
0.701621284009166
