0.025589398922728098
0.025686228006662957
0.025622123253185455
0.02558383317603537
0.025615567622744542
0.0256816785795331
0.02629286859628967
0.025043908966170196
0.024455621306662727
0.02511581638514053
0.025123808897114304
0.025649804356730012
0.024455621306662727
0.025602874926914945
0.024455621306662727
0.024974653362081108
0.024455621306662727
0.024455621306662727
0.024455621306662727
0.02558652083257455
0.025646027050013336
0.025066675142215906
0.02576421686740359
0.024455621306662727
0.025123808897114304
0.025427046113078614
0.026163805873890236
0.07632929411801227
0.025046199919817037
0.026232320953229613
