0.09650904296811172
0.09006576011176477
0.09801486599239369
0.0949592220086988
0.09512085107444072
0.09663360395075683
0.10367644677956464
0.09647658586242669
0.09784652433170553
0.09331865853257527
0.08392097085956722
0.1003019511655465
0.10201252661890495
0.09608473019323083
0.09784159102583145
0.09599373391112309
0.09811254760508625
0.09641180781631575
0.0995281472013216
0.09679906352845158
0.09317353348981029
0.09647658586242669
0.09939233253286923
0.09825730697033937
0.09436524872889078
0.09830047619747799
0.09317353348981029
0.09839653878697896
0.09653149171829845
0.09169835070577166
