0.6403170951176669
0.6604454932036626
0.6492489942387395
0.6491156959098004
0.6407811863554342
0.6487240006624612
0.6378326441392834
0.6341991783854248
0.6419339155428093
0.6464241489471825
0.6029683679461051
0.6206653331700062
0.6367926788905324
0.6494508339797197
0.652500366149604
0.6422096931055722
0.6345620694197287
0.6457010300418238
0.6405201963570282
0.6448359925685887
0.6540752067119522
0.6341991783854249
0.6401527499119036
0.6393371912085062
0.6438843322065163
0.638580712679291
0.6536359950255906
0.6470016348727645
0.6435389619830616
0.6556402356202252
