0.4389796805920794
0.45920682799323137
0.4345831317734555
0.4462046375811563
0.44186431505095
0.4399795048314415
0.4117187703707504
0.4354380170898861
0.4352384610142308
0.4497382146857947
0.5194219123202805
0.41655746752734196
0.4183746431402686
0.442035108236705
0.43342863091518213
0.4418372691228789
0.43402324974805345
0.44077938019304597
0.4281854490153588
0.4393504735556472
0.4521754931526569
0.4354380170898861
0.4287914146806859
0.4334325653909852
0.4454839710441968
0.4334007073097999
0.4521754931526569
0.43279964634057144
0.44027852087435626
0.45615981365837505
