0.20286614581785523
0.1855325971160606
0.2068245564600454
0.1989849982051496
0.19913330690891792
0.20331873657750413
0.22057714919821295
0.20251437717700516
0.20638325986638326
0.19448605021817786
0.19153873369873434
0.2116361633723292
0.2166226549306429
0.20190008515835775
0.20621914943482686
0.20159701821458983
0.20705517072070997
0.20274163749063823
0.21056746308283103
0.20376116482585835
0.1942221966107998
0.20251437717700516
0.21025017470624371
0.2074335456395999
0.19722210636449242
0.2075563964492653
0.1942221966107998
0.20776050284408693
0.20306765189124895
0.19016101488617132
