0.03447448785482953
0.0822456590989167
0.03552746886712648
0.08730924973494052
0.035571345891063616
0.08736293740538312
0.13836908190314678
0.08329694923795264
0.029850368594523467
0.03244084098993753
0.02889476836215872
0.03739973470503256
0.08260160664652234
0.032009612128926085
0.08407367288714286
0.03216900130887503
0.0795970595296993
0.13780100277405402
0.0304045453503031
0.12459505610270707
0.031177190296028338
0.18952754985417786
0.030014926441421987
0.08555832559145804
0.08185462467129556
0.031794421290954604
0.08403307199827952
0.03485931725491543
0.08725146215351981
0.0802717784845111
