0.649477741646109
0.490404939448307
0.6340372000448532
0.4344794236375868
0.6172251345593183
0.48286751513792325
0.27511773940345374
0.5093518726171788
0.5997049334211707
0.6255445154757234
0.5870669273519848
0.6378660433953801
0.52695531509307
0.6534671450997982
0.5089909452792105
0.6398106357927785
0.51996243552366
0.259328044404575
0.6506040451895043
0.3249677618300067
0.646882358712716
0.10602152949091721
0.6494414386633773
0.45500392464678174
0.5165262671002468
0.6402419264409062
0.4850702231442028
0.6243368748598341
0.40957193316887186
0.45209127607086785
