0.202 0.155 1.75E-17 8.56E-5 9.3 
0.857 0.815 1.06E-5 0.0 6.69 
0.0893 0.26 1.75E-17 0.159 9.1 
0.0703 0.26 1.75E-17 0.159 9.14 
0.0869 0.26 1.75E-17 0.16 9.1 
0.773 0.815 1.06E-5 0.0 6.96 
0.0797 0.26 1.75E-17 0.256 9.01 
0.0247 0.221 1.75E-17 0.159 9.24 
0.0793 0.221 1.75E-17 0.115 9.24 
0.0898 0.00979 1.75E-17 4.33E-5 9.83 
0.0828 0.221 1.75E-17 0.115 9.23 
0.109 0.26 1.75E-17 0.0756 9.25 
0.109 0.252 1.75E-17 0.125 9.13 
0.0893 0.26 1.75E-17 0.125 9.18 
0.0793 0.221 1.75E-17 0.159 9.14 
0.857 0.858 9.27E-6 0.0 6.61 
0.12 0.221 1.75E-17 0.159 9.04 
0.0793 0.221 1.75E-17 0.144 9.17 
0.142 0.204 1.75E-17 0.159 9.01 
0.109 0.147 1.75E-17 0.125 9.26 
0.142 0.221 1.75E-17 0.159 8.99 
0.0893 0.26 1.75E-17 0.169 9.08 
