0.859 3.33E-17 0.853 1.46E-17 6.62 
0.859 3.33E-17 0.837 1.46E-17 6.63 
0.847 3.33E-17 0.842 1.46E-17 6.63 
0.859 3.33E-17 0.785 1.46E-17 6.82 
0.795 3.33E-17 0.853 1.46E-17 6.77 
4.26E-17 0.251 3.21E-17 0.216 9.16 
0.859 3.33E-17 0.828 1.46E-17 6.65 
4.26E-17 0.251 3.21E-17 0.194 9.19 
0.839 3.33E-17 0.859 1.46E-17 6.63 
0.859 3.33E-17 0.832 1.46E-17 6.64 
0.86 3.33E-17 0.855 1.46E-17 6.61 
0.862 3.33E-17 0.847 1.46E-17 6.62 
0.859 3.33E-17 0.859 1.46E-17 6.61 
4.26E-17 0.251 3.21E-17 0.171 9.23 
