0.00122 0.017 0.0 6.57E-19 9.98 
0.0233 6.78E-5 0.0 6.57E-19 9.97 
0.251 0.205 0.0 6.57E-19 9.18 
0.131 0.0653 0.0 6.57E-19 9.64 
0.0878 0.161 0.0 6.57E-19 9.53 
0.259 0.17 0.0 6.57E-19 9.23 
0.131 0.136 0.0 6.57E-19 9.48 
0.228 0.264 0.0 6.57E-19 9.16 
0.131 0.161 0.0 6.57E-19 9.42 
0.214 0.17 0.0 6.57E-19 9.25 
0.234 0.15 0.0 6.57E-19 9.28 
0.131 0.138 0.0 6.57E-19 9.47 
0.216 0.215 0.0 6.57E-19 9.18 
0.131 0.17 0.0 6.57E-19 9.41 
0.0386 0.0758 0.0 6.57E-19 9.82 
0.0371 6.84E-7 0.0 6.57E-19 9.95 
0.251 0.251 0.0 6.57E-19 9.15 
