0.046890354100613
0.046314509801405175
0.07815818412859371
0.0853632806400463
0.0476970912953567
0.05657617931258596
0.07495414828087603
0.0910028396807292
0.03580297663386503
0.05168971988489669
0.0636336355270304
0.08849023622730787
0.06647054574564273
0.0478347731618463
0.07552449275604502
0.04301519151776682
0.07810427237994141
0.04631440788871379
0.04603658256824618
0.046163674548623565
0.05016549840432059
0.07998045398595528
0.04460002608336768
0.09426363027388732
0.08092298767013222
0.07187918108879593
0.04771262749999839
0.050063858526683644
0.07878921841014772
0.08685862342738224
