3.8089516346423064E-10
0.024135939363921416
1.2105249837878471E-7
1.269837230303962E-7
2.4812649875828234E-9
5.171364799255272E-9
0.0014676808515797007
1.5934734613286137E-6
0.0
0.03867618379499448
0.04656792571283672
1.8693920474548442E-7
4.914799790501405E-8
1.8248478626184563E-9
8.868930739103158E-7
0.2597673511238797
1.8677237453831224E-7
1.9365972635586942E-8
1.6217418219495144E-10
1.737863132413544E-10
4.6091609676461E-10
1.8693920424797422E-7
2.6464180091808473E-12
0.09154016062993113
1.5936777932833773E-6
1.3049264898505252E-7
1.2041201941772413E-10
5.377354462253776E-10
2.4901861724240506E-7
0.547494537356295
