0.007631073820643128
0.007632302921147514
0.007313612022801456
0.01460930691279535
0.02307744413757316
0.04354527364120713
0.00817722771424514
0.014620971902462471
0.011396154875583587
0.014223688705647686
0.029844668385678633
0.020130980066588675
0.04265834346452909
0.009838381134608398
0.008184501646922923
0.05354375967292002
0.04747786726020019
0.0073044390751000245
0.03859911769235789
0.007685628046150707
0.008894192238413706
0.05081193734210289
0.01327508717492808
0.006752529189974365
0.022616033999849062
0.008861425382537775
0.010402786954422604
0.007670875963266369
0.0077017541086332785
0.00846066576129613
