0.01113525675021559
0.011032994742384662
0.010400427873481706
0.010175987218065194
0.011137503038043419
0.010855475365233134
0.009014949589809612
0.00959111931342557
0.011185971235692656
0.009723073782261055
0.008165390069092037
0.010120150921132363
0.010058941639408849
0.011130924875565528
0.009677515549197324
0.011148665068920148
0.010145468641391455
0.011100277078420937
0.011141160735453383
0.01113119610411797
0.011003983033505783
0.010137978326176536
0.011141721762696165
0.009661193816310509
0.009637383677633251
0.010368025541127646
0.011133395825905916
0.01100405839582448
0.009964418510680674
0.009619726947291907
