0.30112029537631096
0.3009170954753079
0.28284717940602233
0.27834434481846365
0.29332108629382714
0.2853786725860481
0.2780608733144427
0.29973355519127537
0.28592801255954037
0.2889921486105488
0.2872042199081793
0.30318307176270126
0.3005204441081961
0.3046614502053865
0.25918956794543296
0.30228362964883465
0.29806739560974865
0.29217515841668323
0.3378089709757475
0.27222964212919076
0.3062671207921653
0.35659051895529126
0.28444990171417855
0.2838115797222385
0.3059671066631104
0.3052095648183308
0.2783878647255635
0.2942795204195313
0.33717202799062435
0.2841217393001777
