0.2959747509546229
0.28365597156160033
0.3166770977121876
0.31873605593980825
0.3048443128435008
0.3014480530779391
0.329700124400649
0.3343551920800885
0.28929960908724595
0.3259629713819995
0.31929157994745266
0.32340418857952963
0.3160491531144416
0.30450412062424764
0.3473226587195204
0.3022218687053855
0.31884123020365196
0.3056819845726941
0.3039677086680581
0.30448578439798907
0.29440674655557403
0.3230917876291346
0.2954041583184409
0.33171137692492414
0.3335311158599804
0.31762800224618737
0.2964434461153789
0.2944234903585479
0.3226407511559091
0.3309644084703874
