0.969015694233497
0.969015694233497
1.0473429880758338
1.0473429880758338
0.865077080347045
1.0473429880758338
1.0473429880758338
0.969015694233497
1.0473429880758338
1.0380183102374603
1.0473429880758338
0.969015694233497
0.969015694233497
0.969015694233497
1.0473429880758338
0.7974416220074255
1.388626196960302
0.8868052790868399
0.7321688771388113
1.1275352174858455
0.969015694233497
0.7321688771388113
1.0473429880758338
1.0473429880758338
0.969015694233497
0.969015694233497
1.0473429880758338
0.8476945213552091
0.7321688771388113
1.0473429880758338
