0.08214646880356789
0.08537978740068074
0.04493143898426037
0.049548333180937515
0.04950001166962089
0.04523277119141824
0.04865500081031861
0.08697600296148006
0.04633760777213042
0.04933446827369023
0.048843794042924424
0.0928907106999485
0.08965284515298189
0.08755849839328574
0.04731069867163061
0.06150508764239432
0.0
0.04503691014184237
0.059474460837876525
0.0
0.08927166194807735
0.09864079912206665
0.04828970587367533
0.044539083776934794
0.09124693876088731
0.08780936872070423
0.048627922559747225
0.05268309501759697
0.05197915421624046
0.04464813181600892
