0.06250906086675861
0.04891495697101884
0.04913787634351375
0.04311586367202093
0.05915004915750328
0.059310539239982175
0.04278029479994735
0.058678608372784866
0.04277081046064451
0.049110940463825664
0.038890642894702385
0.04327965465623666
0.04309022966375161
0.042883519467989586
0.04891850876783125
0.061484497676235615
0.049088447918618036
0.04275954774867492
0.0491962835461752
0.04308053902835522
0.04906343912394712
0.05163893389396645
0.05921996764905939
0.039724514423943764
0.06242472338539285
0.054002118514111984
0.04305848133721089
0.054636613793268625
0.04305201478554079
0.04321422698018362
