0.06250906086731156
0.048914956963793374
0.04913787633560178
0.04311586366600032
0.05915004915685272
0.059310539263846544
0.04278029479301327
0.05867860840265629
0.04277081045437159
0.049110940456004525
0.038890642892278886
0.04327965464955707
0.043090229657240756
0.04288351946127748
0.048918508760347444
0.06148449767622312
0.04908844791173667
0.04275954774222266
0.049196283539223146
0.04308053902166787
0.04906343911694497
0.05163893389014821
0.05921996764878248
0.03972451441893761
0.06242472338551511
0.054002118511776206
0.04305848133123495
0.054636613821251186
0.043052014779498944
0.043214226973527135
