0.1626487925908386
0.22697680664593153
0.19360699705296128
0.1757959891183843
0.8337919636660102
0.23065060240946555
0.1757959891183843
0.1626487925908386
0.20866107361365405
0.17423084667462882
0.1757959891183843
0.1626487925908386
0.1626487925908386
0.1626487925908386
0.1757959891183843
0.7573521730900938
0.23308020255983347
0.8547343720429734
0.17052131796023895
0.18925621413468108
0.1626487925908386
0.14583384848276398
0.1757959891183843
0.1757959891183843
0.1626487925908386
0.1626487925908386
0.1757959891183843
0.8170380369644394
0.16739103307272807
0.1757959891183843
