1.0473429880007024
0.8529053148701361
0.9839351787097923
0.9690156941707546
1.0473429880007024
0.8123611065108591
0.7321688771135315
0.7321688771135315
0.929175266388966
0.7321688771135315
0.8504013386256533
0.9690156941707546
0.8303119621136871
1.0473429880007024
0.7321688771135315
1.0473429880007024
0.9690156941707546
1.0473429880007024
1.0473429880007024
1.0473429880007024
0.8629042602264164
0.9690156941707546
1.0473429880007024
0.7321688771135315
0.7321688771135315
0.7825221374327838
1.0473429880007024
0.8629042602264164
0.7321688771135315
0.7321688771135315
