0.3209211713375345
0.35025633760143043
0.3235855159738483
0.3046090381777334
0.2973281119157406
0.2955283921333485
0.3242530301541968
0.32199433065599936
0.33440456023279286
0.3043209455867523
0.33989630756993816
0.32336304480244316
0.3040860743110811
0.3049845085775533
0.3043497672529092
0.2960364036002598
0.31985379638496997
0.3041829233656491
0.28991692124879387
0.29518311076967685
0.3207679405620828
0.2910660363158154
0.30488997529404815
0.294922153165292
0.29635008300931054
0.29000725457542004
0.3502378788721661
0.29614308674635514
0.31851852305544537
0.33653086449485325
