0.019484629575489378
0.0
0.0
0.017594322051292834
0.028254225298301454
0.022858850226061978
0.01837977232944385
0.023202045623981236
0.019229387508165025
0.0
0.04084748875195409
0.01812208458984261
0.018451104140920466
0.01960727784560969
0.0
0.02219867600912741
0.0
0.019307725348248102
0.0
0.01872774468077404
0.0
0.02688093004214157
0.03163482432712392
0.02657851011743552
0.019381988691416906
0.039735542672737226
0.018205219033030247
0.039989990780809934
0.01833801483115375
0.018302499143697443
