1.876839824535852E-7
2.4866811122500234E-8
4.463796093877614E-8
4.3533576251023306E-10
4.222219059251079E-10
3.414193309367399E-11
2.0755478386289002E-10
1.8960408145623432E-7
1.047019281539319E-10
1.597688311802873E-8
0.003979458863919338
1.8654074867162766E-7
1.8764008982506664E-7
1.783603313185073E-7
0.10536654518015581
6.3374123256956E-8
1.628362646423524E-7
1.4339611899343108E-10
1.7534480321595255E-6
0.0
2.05784887842288E-7
1.3282589412080924E-6
1.0289869292303615E-9
1.8606989208564264E-10
1.8625968255036433E-4
7.47974988029955E-7
9.013510709411875E-10
9.763368680802928E-10
1.5931576755803537E-6
2.7452967686652145E-10
