0.10509823506113718
0.10533123979574664
0.116361910191208
0.11785398930657799
0.11598933207186801
0.11688588896478751
0.11785579693621871
0.10524987030924611
0.11694472322853779
0.11502966817015524
0.11627858353739372
0.10499301455644744
0.10521890132611088
0.10552553446949565
0.11630517484248956
0.11195837551175539
0.12644232150173923
0.1166437564637258
0.1004015730282411
0.12752861367692525
0.10475343873789279
0.09598229528154457
0.11629227259913658
0.1165889912853445
0.10461950208609659
0.10491410322865319
0.11786759907093543
0.11550971505071556
0.1007799195141273
0.11635315695531911
