0.21893083996426113
0.22365884995102336
0.22223227241650598
0.2560121495567954
0.2173887256030453
0.2336260142830824
0.23928379237059202
0.2571540783380268
0.23796828888034272
0.22329899614784288
0.2580612508731838
0.2345816534410058
0.23502999361272453
0.23587554865790283
0.2234397309171589
0.2153529056297091
0.22138522383268824
0.23760302835922836
0.22319459512881637
0.23850487656632066
0.22346848362123548
0.23205800693349266
0.2202274409700489
0.2465156777347567
0.21516248361541984
0.25449418079583197
0.23562812845035222
0.21980374380179515
0.24402251495269692
0.2357526067378952
