0.010119514525236212
0.01013786750253585
0.011140268216225786
0.011132331895178727
0.01100939369041961
0.011146439811651638
0.011132732661318237
0.010138786078378164
0.011153617772217073
0.010983524572677074
0.011129977010992546
0.010112877008250405
0.010136825635578505
0.01016654141007965
0.011132719966537254
0.01063122460108494
0.011705874476903586
0.011062586724498473
0.009703256680817535
0.012105855811869652
0.01009580746002198
0.009338417353551752
0.011131274211347688
0.011157810719694275
0.010077078360853567
0.010103233857799623
0.011132955691290051
0.010970038100372023
0.009746707974775295
0.011136525668721227
