0.0817786081531105
0.08497968320485497
0.04436254043917929
0.04892723790398223
0.04969705808884346
0.04471195497725319
0.04807059175127518
0.0863616030207619
0.04580087872118911
0.04885315004978953
0.04819491058795949
0.0923022177470599
0.08909850528856969
0.08694813412891188
0.046698329894944796
0.06168537824229528
0.0
0.04524020689893111
0.05965059457675623
0.0
0.08886088063850373
0.09844446255990394
0.04766408045754284
0.043803554326449376
0.09074122369200739
0.08735246709624128
0.0479657985816835
0.05287412996976101
0.052197465979929976
0.044081842746490706
