0.1757959891183843
0.8287100668419268
0.1651530205008473
0.1626487925908386
0.1757959891183843
0.7500223301581567
0.14840459709535497
0.14840459709535497
0.8955720683780519
0.15904756571289197
0.8281452144634363
0.1626487925908386
0.8002841102628687
0.1757959891183843
0.2714882987445441
0.24786506501976047
0.1626487925908386
0.1757959891183843
0.20237835110056504
0.1757959891183843
0.8316977228283138
0.1626487925908386
0.21927078710355788
0.1950602783325478
0.14871762558410606
0.6484516495298844
0.1757959891183843
0.8316977228283138
0.7029019113099892
0.17921884232638396
