0.010195381362326833
0.010215034323805898
0.011218013215182445
0.011216516644677004
0.011085674949394952
0.011234449642170997
0.011216948379011386
0.010215678879589815
0.011241682487600367
0.0110702032741534
0.011207824153864858
0.01018872818813731
0.010214591474880227
0.010241395514213526
0.01121040758062093
0.010707349941660315
0.011752167504513664
0.011138409514211422
0.009777172546736882
0.01219407517225509
0.010170961726432396
0.009423286484165834
0.011209046189661715
0.011235644275105507
0.010155192696924512
0.010179773497937606
0.011217123402118532
0.011046592518951223
0.009824672853783654
0.011213986955684969
