0.0716207616189324
0.09363390406119601
0.09637486089266398
0.07908323264416095
0.36320708156183873
0.10129274877644513
0.08314093852467852
0.07032422825942021
0.09624447261992929
0.07718058068668106
0.08108912960117419
0.06880062127348967
0.06977169185509295
0.07029373847631278
0.08785054226006564
0.3154786153501549
0.138303346649111
0.3779721017042649
0.0732327562051472
0.08737659282007677
0.06988564523152886
0.07857528402241604
0.08381132859777002
0.07825277884159383
0.07199538375311179
0.07859817448205703
0.07688437547882217
0.35194729262745666
0.07304155851918417
0.07800347028330212
