1.54222395940486E-6
0.0014064253413959874
1.3457572412455022E-6
3.0394283696763003
0.4336033695150788
0.00886784617827931
1.2238099679403278E-6
1.4680136238676505E-6
1.1058246681219521E-11
1.8358010206622769E-7
3.195684937567823E-8
8.789207783884604E-7
0.1559942889425349
3.525238944438004
3.630005770418508E-4
5.291999629519459E-11
8.33386791852879E-8
1.549380646403195E-6
0.5846228133887992
8.260665591810327E-8
1.9853210976520667E-9
3.6713378973324654E-8
0.0
6.572080595365134E-4
1.051373384717416E-6
2.956426975970384E-10
1.4281046858365583
1.906630735362723E-7
3.701544019716543E-7
6.1414455702969575E-9
