0.04129136470449394
0.04129136470449394
0.04129136470449394
0.04129136470449394
0.04129136470449394
0.04129136470449394
0.04129136470449394
0.04129136470449394
0.04129136470449394
0.04129136470449394
0.04129136470449394
0.04129136470449394
0.04129136470449394
0.04129136470449394
0.04129136470449394
0.04129136470449394
0.04129136470449394
0.04129136470449394
0.04129136470449394
0.04129136470449394
0.04129136470449394
0.04129136470449394
0.04129136470449394
0.04129136470449394
0.04129136470449394
0.04129136470449394
0.04129136470449394
0.04129136470449394
0.04129136470449394
0.04129136470449394
