1.3852337547206528
1.3852337547206528
1.3852337547206528
1.3852337547206528
1.3852337547206528
1.3852337547206528
1.3852337547206528
1.3852337547206528
1.3852337547206528
1.3852337547206528
1.3852337547206528
1.3852337547206528
1.3852337547206528
1.3852337547206528
1.3852337547206528
1.3852337547206528
1.3852337547206528
1.3852337547206528
1.3852337547206528
1.3852337547206528
1.3852337547206528
1.3852337547206528
1.3852337547206528
1.3852337547206528
1.3852337547206528
1.3852337547206528
1.3852337547206528
1.3852337547206528
1.3852337547206528
1.3852337547206528
