0.1938798045182758
0.1938798045182758
0.1938798045182758
0.1938798045182758
0.1938798045182758
0.1938798045182758
0.1938798045182758
0.1938798045182758
0.1938798045182758
0.1938798045182758
0.1938798045182758
0.1938798045182758
0.1938798045182758
0.1938798045182758
0.1938798045182758
0.1938798045182758
0.1938798045182758
0.1938798045182758
0.1938798045182758
0.1938798045182758
0.1938798045182758
0.1938798045182758
0.1938798045182758
0.1938798045182758
0.1938798045182758
0.1938798045182758
0.1938798045182758
0.1938798045182758
0.1938798045182758
0.1938798045182758
