0.7431770938796188
0.7431770938796188
0.7431770938796188
0.7431770938796188
0.7431770938796188
0.7431770938796188
0.7431770938796188
0.7431770938796188
0.7431770938796188
0.7431770938796188
0.7431770938796188
0.7431770938796188
0.7431770938796188
0.7431770938796188
0.7431770938796188
0.7431770938796188
0.7431770938796188
0.7431770938796188
0.7431770938796188
0.7431770938796188
0.7431770938796188
0.7431770938796188
0.7431770938796188
0.7431770938796188
0.7431770938796188
0.7431770938796188
0.7431770938796188
0.7431770938796188
0.7431770938796188
0.7431770938796188
