1.8676893909648864
1.8676893909648864
1.8676893909648864
1.8676893909648864
1.8676893909648864
1.8676893909648864
1.8676893909648864
1.8676893909648864
1.8676893909648864
1.8676893909648864
1.8676893909648864
1.8676893909648864
1.8676893909648864
1.8676893909648864
1.8676893909648864
1.8676893909648864
1.8676893909648864
1.8676893909648864
1.8676893909648864
1.8676893909648864
1.8676893909648864
1.8676893909648864
1.8676893909648864
1.8676893909648864
1.8676893909648864
1.8676893909648864
1.8676893909648864
1.8676893909648864
1.8676893909648864
1.8676893909648864
