0.018784759273591523
0.018784759273591523
0.018784759273591523
0.018784759273591523
0.018784759273591523
0.018784759273591523
0.018784759273591523
0.018784759273591523
0.018784759273591523
0.018784759273591523
0.018784759273591523
0.018784759273591523
0.018784759273591523
0.018784759273591523
0.018784759273591523
0.018784759273591523
0.018784759273591523
0.018784759273591523
0.018784759273591523
0.018784759273591523
0.018784759273591523
0.018784759273591523
0.018784759273591523
0.018784759273591523
0.018784759273591523
0.018784759273591523
0.018784759273591523
0.018784759273591523
0.018784759273591523
0.018784759273591523
