0.269519624442634
0.269519624442634
0.269519624442634
0.269519624442634
0.269519624442634
0.269519624442634
0.269519624442634
0.269519624442634
0.269519624442634
0.269519624442634
0.269519624442634
0.269519624442634
0.269519624442634
0.269519624442634
0.269519624442634
0.269519624442634
0.269519624442634
0.269519624442634
0.269519624442634
0.269519624442634
0.269519624442634
0.269519624442634
0.269519624442634
0.269519624442634
0.269519624442634
0.269519624442634
0.269519624442634
0.269519624442634
0.269519624442634
0.269519624442634
