0.26263348546118215
0.26263348546118215
0.26263348546118215
0.26263348546118215
0.26263348546118215
0.26263348546118215
0.26263348546118215
0.26263348546118215
0.26263348546118215
0.26263348546118215
0.26263348546118215
0.26263348546118215
0.26263348546118215
0.26263348546118215
0.26263348546118215
0.26263348546118215
0.26263348546118215
0.26263348546118215
0.26263348546118215
0.26263348546118215
0.26263348546118215
0.26263348546118215
0.26263348546118215
0.26263348546118215
0.26263348546118215
0.26263348546118215
0.26263348546118215
0.26263348546118215
0.26263348546118215
0.26263348546118215
