0.2051851530787278
0.2051851530787278
0.2051851530787278
0.2051851530787278
0.2051851530787278
0.2051851530787278
0.2051851530787278
0.2051851530787278
0.2051851530787278
0.2051851530787278
0.2051851530787278
0.2051851530787278
0.2051851530787278
0.2051851530787278
0.2051851530787278
0.2051851530787278
0.2051851530787278
0.2051851530787278
0.2051851530787278
0.2051851530787278
0.2051851530787278
0.2051851530787278
0.2051851530787278
0.2051851530787278
0.2051851530787278
0.2051851530787278
0.2051851530787278
0.2051851530787278
0.2051851530787278
0.2051851530787278
