0.017359487563699087
0.017359487563699087
0.017359487563699087
0.017359487563699087
0.017359487563699087
0.017359487563699087
0.017359487563699087
0.017359487563699087
0.017359487563699087
0.017359487563699087
0.017359487563699087
0.017359487563699087
0.017359487563699087
0.017359487563699087
0.017359487563699087
0.017359487563699087
0.017359487563699087
0.017359487563699087
0.017359487563699087
0.017359487563699087
0.017359487563699087
0.017359487563699087
0.017359487563699087
0.017359487563699087
0.017359487563699087
0.017359487563699087
0.017359487563699087
0.017359487563699087
0.017359487563699087
0.017359487563699087
