7.27E-123 4.73E-131 1.26E-111 2.05E-95 3.35E-79 5.47E-63 8.94E-47 1.46E-30 2.38E-14 389.0 
2.01E-123 8.52E-133 2.34E-111 3.81E-95 6.23E-79 1.02E-62 1.66E-46 2.71E-30 4.43E-14 724.0 
2.73E-123 9.58E-131 6.27E-112 1.02E-95 1.67E-79 2.73E-63 4.46E-47 7.29E-31 1.19E-14 194.0 
4.75E-123 4.85E-131 6.1E-112 9.95E-96 1.63E-79 2.65E-63 4.34E-47 7.08E-31 1.16E-14 189.0 
4.21E-123 5.86E-131 4.69E-112 7.66E-96 1.25E-79 2.04E-63 3.34E-47 5.45E-31 8.9E-15 145.0 
3.08E-123 7.84E-131 4.93E-112 8.05E-96 1.32E-79 2.15E-63 3.51E-47 5.73E-31 9.35E-15 153.0 
3.04E-123 1.09E-130 5.08E-112 8.3E-96 1.36E-79 2.21E-63 3.62E-47 5.91E-31 9.64E-15 158.0 
2.88E-123 8.94E-131 5.28E-112 8.63E-96 1.41E-79 2.3E-63 3.76E-47 6.14E-31 1.0E-14 164.0 
6.79E-113 1.58E-113 8.47E-105 1.38E-88 9.72E-80 1.59E-63 2.59E-47 4.23E-31 6.92E-15 113.0 
3.46E-123 9.17E-131 4.85E-112 7.92E-96 1.29E-79 2.11E-63 3.45E-47 5.64E-31 9.2E-15 150.0 
6.77E-113 1.68E-113 8.47E-105 1.38E-88 9.72E-80 1.59E-63 2.59E-47 4.23E-31 6.92E-15 113.0 
