5.97E-101 4.96E-88 8.64E-83 3.5E-80 1.14E-94 5.72E-64 9.34E-48 1.53E-31 2.49E-15 40.7 
1.1E-102 8.89E-90 8.37E-83 7.52E-80 3.0E-94 1.23E-63 2.01E-47 3.28E-31 5.35E-15 87.4 
2.28E-99 2.06E-86 1.32E-81 2.75E-80 8.22E-95 4.5E-64 7.34E-48 1.2E-31 1.96E-15 32.0 
1.49E-101 1.2E-88 3.56E-83 3.21E-80 1.28E-94 5.24E-64 8.55E-48 1.4E-31 2.28E-15 37.2 
2.25E-99 7.81E-87 1.3E-81 2.39E-80 1.36E-94 3.9E-64 6.37E-48 1.04E-31 1.7E-15 27.8 
1.19E-99 4.14E-87 1.25E-81 2.29E-80 1.46E-94 3.75E-64 6.13E-48 1.0E-31 1.63E-15 26.7 
3.95E-101 3.14E-88 6.77E-83 2.85E-80 1.3E-94 4.65E-64 7.6E-48 1.24E-31 2.03E-15 33.1 
7.5E-99 1.66E-86 1.05E-81 2.41E-80 1.34E-94 3.94E-64 6.43E-48 1.05E-31 1.71E-15 28.0 
2.21E-99 7.67E-87 1.27E-81 2.34E-80 1.43E-94 3.82E-64 6.24E-48 1.02E-31 1.66E-15 27.2 
9.42E-101 7.69E-88 1.09E-82 3.45E-80 1.23E-94 5.64E-64 9.2E-48 1.5E-31 2.45E-15 40.1 
1.3E-100 1.01E-87 1.31E-82 2.84E-80 8.49E-95 4.64E-64 7.57E-48 1.24E-31 2.02E-15 33.0 
2.71E-99 8.78E-87 8.05E-82 2.59E-80 1.02E-94 4.23E-64 6.91E-48 1.13E-31 1.84E-15 30.1 
