1.2535137408367534
0.5030544449728872
0.007441975018352732
0.75320119337522
0.75320119337522
1.2535137408367534
0.5030544449728872
0.2529391686494706
0.75320119337522
1.0033558752116385
0.75320119337522
0.75320119337522
0.5030544449728872
1.5036732012430032
0.75320119337522
0.5030544449728872
1.0033558752116385
1.2535137408367534
0.5030544449728872
0.5030544449728872
0.5030544449728872
1.2535137408367534
0.75320119337522
0.5030544449728872
0.5030544449728872
0.5030544449728872
0.5030544449728872
1.2535137408367534
1.0033558752116385
1.0033558752116385
