1.2536031008947945
0.503335373451625
0.008004637262492838
0.7534174342545816
0.7534174342545816
1.2536031008947945
0.503335373451625
0.2532888591325519
0.7534174342545816
1.003508466518285
0.7534174342545816
0.7534174342545816
0.503335373451625
1.5036995400798272
0.7534174342545816
0.503335373451625
1.003508466518285
1.2536031008947945
0.503335373451625
0.503335373451625
0.503335373451625
1.2536031008947945
0.7534174342545816
0.503335373451625
0.503335373451625
0.503335373451625
0.503335373451625
1.2536031008947945
1.003508466518285
1.003508466518285
