0.1735499139379713
0.0698981472913958
7.969695270121271E-4
0.10444873617358763
0.10444873617358763
0.1735499139379713
0.0698981472913958
0.03534755840920396
0.10444873617358763
0.13899932505577947
0.10444873617358763
0.10444873617358763
0.0698981472913958
0.20810050282016312
0.10444873617358763
0.0698981472913958
0.13899932505577947
0.1735499139379713
0.0698981472913958
0.0698981472913958
0.0698981472913958
0.1735499139379713
0.10444873617358763
0.0698981472913958
0.0698981472913958
0.0698981472913958
0.0698981472913958
0.1735499139379713
0.13899932505577947
0.13899932505577947
