0.004122115806451168
0.005694484148663914
0.004122115806451168
0.5697105842697081
0.010453681530337572
0.004122115806451168
0.5697105842697081
0.005694484148663914
0.005694484148663914
0.005694484148663914
0.005694484148663914
0.004122115806451168
0.0033387368899958055
0.005694484148663914
0.010453681530337572
0.010453681530337572
0.0025572811634942323
0.004122115806451168
0.005694484148663914
0.004122115806451168
0.0028696301095046408
0.010453681530337572
0.010453681530337572
0.004122115806451168
0.0033387368899958055
0.005694484148663914
0.004122115806451168
0.0028696301095046408
0.005694484148663914
0.004122115806451168
