0.42350843711903674
0.43602073843085637
0.42350843711903674
0.4490921765405144
0.44519887957692855
0.42350843711903674
0.4490921765405144
0.43602073843085637
0.43602073843085637
0.43602073843085637
0.43602073843085637
0.42350843711903674
0.4087658684929433
0.43602073843085637
0.44519887957692855
0.44519887957692855
0.3755305833639392
0.42350843711903674
0.43602073843085637
0.42350843711903674
0.3925737345875184
0.44519887957692855
0.44519887957692855
0.42350843711903674
0.4087658684929433
0.43602073843085637
0.42350843711903674
0.3925737345875184
0.43602073843085637
0.42350843711903674
