0.05074719837639102
0.049301778364478736
0.051181474849358706
0.049619467469672815
0.049588764016461
0.0515051396294892
0.05012305526757872
0.048997210147578726
0.05070561743237293
0.05078911761857935
0.05225169904896362
0.05038524768972129
0.05001593803662486
0.05113654904504303
0.05066437561946287
0.048481242878494146
0.049681959374210376
0.04907501343588585
0.04946958248429469
0.04991200096278037
0.04872963584294301
0.05096016077116641
0.051003758872034566
0.04935624388792503
0.049222848560526965
0.05062347376650843
0.05074719837639102
0.05042409261530965
0.05087396764569816
0.05042409261530965
