8.633865216267694
12.94758948481009
12.94758948481009
12.94758948481009
21.57504600864633
12.94758948481009
4.3201542431428095
4.3201542431428095
8.633865216267694
8.633865216267694
8.633865216267694
25.888775602348584
12.94758948481009
4.3201542431428095
12.94758948481009
4.3201542431428095
12.94758948481009
17.26131708091847
4.3201542431428095
12.94758948481009
0.019641862633116017
4.3201542431428095
4.3201542431428095
8.633865216267694
12.94758948481009
25.888775602348584
25.888775602348584
4.3201542431428095
4.3201542431428095
8.633865216267694
