0.647099906639849
0.7457576148419579
0.6256678557962204
0.7186250676665692
0.7210523310997525
0.6111546975098576
0.6830389923159497
0.777347970525672
0.6492876759043323
0.6449201587080015
0.5815071290071729
0.6670741911899535
0.689990448624856
0.6277742478473436
0.6514834335800664
0.8578978041958436
0.7137882755839761
0.7685991552550744
0.7308272222571253
0.6970585964622431
0.8124024120583717
0.6362819686623313
0.6341427519345234
0.740755132832136
0.7533398449573527
0.6536871446490387
0.647099906639849
0.6648236205646161
0.6405848484025981
0.6648236205646161
