1.2535845876408944
0.5032892627162106
0.004202144148384168
0.7533866298498376
0.7533866298498376
1.2535845876408944
0.5032892627162106
0.2531972155423701
0.7533866298498376
1.0034853392908238
0.7533866298498376
0.7533866298498376
0.5032892627162106
1.5036841059989987
0.7533866298498376
0.5032892627162106
1.0034853392908238
1.2535845876408944
0.5032892627162106
0.5032892627162106
0.5032892627162106
1.2535845876408944
0.7533866298498376
0.5032892627162106
0.5032892627162106
0.5032892627162106
0.5032892627162106
1.2535845876408944
1.0034853392908238
1.0034853392908238
