0.8444163922807623
0.9024613816028463
0.8305961567278848
0.8872591224946815
0.8886411460499692
0.820921991840871
0.8665287691653657
0.9195984736884143
0.8457984158360499
0.8430343687254744
0.8001916385115552
0.8568546042783517
0.8706748398312287
0.8319781802831726
0.8471804393913375
0.963685025102093
0.8844950753841062
0.914899593600436
0.8941692402711201
0.8748209104970919
0.9383939940403274
0.8375062745043235
0.8361242509490358
0.899697334492271
0.9066074522687096
0.8485624629466253
0.844416392280762
0.8554725807230639
0.8402703216148989
0.855472580723064
