8.634000609421943
12.947679770850849
12.947679770850849
12.947679770850849
21.57510019337427
12.947679770850849
4.320424819047523
4.320424819047523
8.634000609421943
8.634000609421943
8.634000609421943
25.888820759833294
12.947679770850849
4.320424819047523
12.947679770850849
4.320424819047523
12.947679770850849
17.261384805166905
4.320424819047523
12.947679770850849
0.05218935839974537
4.320424819047523
4.320424819047523
8.634000609421943
12.947679770850849
25.888820759833294
25.888820759833294
4.320424819047523
4.320424819047523
8.634000609421943
