21.575046012182135
8.633865217684146
0.019641862636437215
12.947589486932992
12.947589486932992
21.575046012182135
8.633865217684146
4.320154243852813
12.947589486932992
17.261317083747826
12.947589486932992
12.947589486932992
8.633865217684146
25.888775606590837
12.947589486932992
8.633865217684146
17.261317083747826
21.575046012182135
8.633865217684146
8.633865217684146
8.633865217684146
21.575046012182135
12.947589486932992
8.633865217684146
8.633865217684146
8.633865217684146
8.633865217684146
21.575046012182135
17.261317083747826
17.261317083747826
