1.6659406363378591E-47
1.368743372237722E-47
2.072201118263499E-48
5.725818886069868E-50
5.453160844027674E-48
2.6175172014956578E-48
6.162071750953837E-48
8.272445005640012E-48
4.907844755327965E-49
7.907083216441095E-49
5.998476917537772E-48
8.452399302761198E-49
0.0
1.1724295801027247E-48
2.999238461672672E-49
1.6550343187154443E-48
1.90860629525054E-48
0.0
1.0960853297765009E-47
4.96237636666293E-48
0.0
1.036100559280539E-48
1.2269611885875878E-48
1.3005788615958167E-47
4.035339026075948E-49
5.4531608395564E-50
3.871744195744288E-48
5.998476924345695E-49
0.0
1.6359482520942808E-49
