0.07044198895027624
0.10497237569060773
0.10497237569060773
0.10497237569060773
0.17403314917127072
0.10497237569060773
0.03591160220994475
0.03591160220994475
0.07044198895027624
0.07044198895027624
0.07044198895027624
0.2085635359116022
0.10497237569060773
0.03591160220994475
0.10497237569060773
0.03591160220994475
0.10497237569060773
0.13950276243093923
0.03591160220994475
0.10497237569060773
0.0013812154696132596
0.03591160220994475
0.03591160220994475
0.07044198895027624
0.10497237569060773
0.2085635359116022
0.2085635359116022
0.03591160220994475
0.03591160220994475
0.07044198895027624
