21.57504600864633
8.633865216267694
0.019641862633116017
12.94758948481009
12.94758948481009
21.57504600864633
8.633865216267694
4.3201542431428095
12.94758948481009
17.26131708091847
12.94758948481009
12.94758948481009
8.633865216267694
25.888775602348584
12.94758948481009
8.633865216267694
17.26131708091847
21.57504600864633
8.633865216267694
8.633865216267694
8.633865216267694
21.57504600864633
12.94758948481009
8.633865216267694
8.633865216267694
8.633865216267694
8.633865216267694
21.57504600864633
17.26131708091847
17.26131708091847
