0.8264500860620217
0.9301018527086011
0.9992030304729879
0.8955512638264078
0.8955512638264078
0.8264500860620217
0.9301018527086011
0.9646524415907944
0.8955512638264078
0.8610006749442146
0.8955512638264078
0.8955512638264078
0.9301018527086012
0.7918994971798289
0.8955512638264078
0.9301018527086011
0.8610006749442146
0.8264500860620217
0.9301018527086011
0.9301018527086011
0.9301018527086011
0.8264500860620217
0.8955512638264078
0.9301018527086011
0.9301018527086011
0.9301018527086011
0.9301018527086011
0.8264500860620217
0.8610006749442146
0.8610006749442147
