0.9295580110497209
0.8950276243093881
0.8950276243093881
0.8950276243093881
0.8259668508287229
0.8950276243093881
0.9640883977900538
0.9640883977900538
0.9295580110497209
0.9295580110497209
0.9295580110497209
0.7914364640883904
0.8950276243093881
0.9640883977900538
0.8950276243093881
0.9640883977900538
0.8950276243093881
0.8604972375690554
0.9640883977900538
0.8950276243093881
0.9986187845303867
0.9640883977900538
0.9640883977900538
0.9295580110497209
0.8950276243093881
0.7914364640883904
0.7914364640883904
0.9640883977900538
0.9640883977900538
0.9295580110497209
