195.21901756712052
122.3868859803542
212.56000127825536
141.46196806260252
139.72786969148902
224.69868987604974
167.47344362930477
100.884066178547
193.484919196007
196.953115938234
250.710165442752
179.61213222709915
162.2711485159643
210.82590290714185
191.75082082489354
45.56632814002686
144.93016480482947
106.78000064033284
132.7914762070351
157.06885340262386
77.30032833140362
203.88950942268792
205.6236077938014
125.85508272258116
117.18459086701374
190.01672245378006
195.21901756712052
181.34623059821263
200.42131268046097
181.34623059821263
