8.07 3.65 1.48 
7.97 3.61 1.62 
6.45 5.28 1.47 
6.36 5.37 1.47 
6.08 4.98 2.51 
6.31 5.67 1.18 
7.05 4.67 1.59 
8.08 4.86 1.2 
6.22 5.1 1.86 
6.74 5.52 0.931 
7.07 4.66 1.47 
8.85 4.17 0.097 
5.99 5.36 1.85 
7.55 4.12 1.58 
7.3 5.03 1.03 
7.31 5.04 1.01 
9.2 3.64 0.376 
8.0 5.29 0.621 
6.0 5.73 1.47 
6.19 5.54 1.47 
7.22 4.54 1.56 
5.95 5.33 1.92 
8.64 4.2 0.376 
6.19 5.6 1.41 
7.8 4.26 1.3 
6.22 5.57 1.41 
9.84 3.81 0.126 
9.85 3.57 0.11 
4.74 7.04 1.41 
8.72 4.19 0.119 
8.44 4.43 0.156 
6.0 5.79 1.41 
10.3 2.64 0.089 
9.03 3.95 0.143 
9.41 3.69 0.133 
7.85 4.29 1.23 
5.7 5.49 2.01 
