5.95126352856702E-4
0.0015894132227344982
0.001140541901688724
5.246742592653494
2.938175851885953E-4
0.5517074758617833
0.0010485573430603786
0.5776663594511497
0.0024082548500279524
0.001195840902982722
6.610895666743401E-4
4.91557319710291E-4
9.91401161451836E-4
6.423345439463156E-4
0.0017337735974980789
8.214899830783185E-4
0.0015970085072495774
8.936118733201899E-4
2.5921406856561907E-4
8.001532298681939E-4
0.0016463528721090562
0.0020245763877366103
0.0026962677057132483
4.987736728159009E-4
0.0014717529380535322
0.0
0.001912329408905207
0.0011613206679882012
0.0019138159859731253
5.783076279902516E-4
