0.010829694323144106
0.01090909090909091
0.010786026200873364
0.011572052401746726
0.01126637554585153
0.012358078602620087
0.5502183406113538
0.011834061135371181
0.01078512396694215
0.010698689956331877
0.014628820960698691
0.01091703056768559
0.011859504132231405
0.010661157024793389
0.010786026200873364
0.010619834710743802
0.010829694323144106
0.5495867768595042
0.01165938864628821
0.010698689956331877
0.010829694323144106
0.010960698689956333
0.010743801652892562
0.010786026200873364
0.010743801652892562
0.01078512396694215
0.28181818181818186
0.010661157024793389
0.011965065502183408
0.010867768595041323
