0.5296172419179478
13.518705880878807
0.5293206429266419
13.498098093096862
0.5477854519793482
0.552285808478089
13.642352607570487
13.580529244224648
0.9582592277824344
13.580529244224648
0.5935013840419818
14.628228177393021
0.5211140611254391
0.5213741268051693
13.498098093096862
13.49982317972764
0.6347169596058748
0.5436821610787468
0.5231657065757398
26.261057880597967
13.477490305314916
14.053767451308826
14.136939514337204
0.7180720243543058
14.054508363209417
0.5316780206961425
0.5375272247278448
13.539313668660755
0.9397122187786826
0.5375272247278448
