0.056322224847642745
0.38925666133589576
0.05613308683147264
0.3896787061124721
0.05641439318123307
0.05640547050887017
0.3890324886264447
0.38969467089791504
0.05224148864689994
0.3927453072328666
0.05653770061777103
0.39313199549224126
0.05629403360205022
0.05614901310323605
0.3886008181432376
0.3892693228987041
0.05667364225713805
0.05619023714614385
0.056233753569015436
0.7607992307133705
0.38866346495037396
0.39661826297552316
0.3902199668335763
0.05703551263819641
0.3894423017604267
0.05637579285549136
0.056271003421654614
0.3897474767807598
0.050352886432128006
0.05625979880097465
