9.57369465092621E-4
0.5172536572160822
0.0010228946584148664
9.378793932081854E-4
7.093872142060798E-4
6.497261765782943E-4
9.10194924067722E-4
0.0014462275868093789
5.142551846184767E-4
0.6513710529746952
0.8843309561472326
6.592227676481392E-4
3.508212939198464E-4
6.219688873890316E-4
0.0015520394012465955
0.0019355568970771898
0.6137702066007216
0.001603840157136372
4.281818869380692E-4
0.0012015308051833568
4.5399873600345246E-4
9.960925969245559E-4
0.0012488852545641128
9.287554694468999E-4
0.001450061348202032
0.0018895286292910317
6.939322297315643E-4
5.571761780870588E-4
3.865887884769978E-4
4.122300127188076E-4
