5.91127454956518E-4
0.002044187275756155
0.0010693409989517757
0.0022836367303363673
0.001372486578569695
0.001759113918837233
0.0019197420958909615
8.275784369391248E-4
7.922821309330254E-4
0.001216180485588801
7.863708563834601E-4
6.532386730497753E-4
1.4481337586749992
0.002466560692919434
0.8924139815639209
2.440756694450897E-4
9.092568304978995E-4
3.3501505979818293E-4
0.0014033280110022088
6.854508358126229E-4
4.435597678315031E-4
4.907642935823782
5.469214018032479E-4
9.96178267570201E-4
0.0021541326988457855
4.238126840101296E-4
0.0011237846942597275
0.3296520773807513
0.001635829576220541
3.8654595315417524E-4
