0.008280572735149021
0.008324489938157929
0.008573109061525221
0.008702642872006203
0.008696944586801363
0.008967239487804295
0.7578189809853682
0.008853616045007043
0.008406011539456469
0.0084551293292251
0.010106967507097329
0.007883299811218629
0.008824384203777296
0.008489952007512621
0.00827804413034735
0.007968898137053369
0.008044389685514979
0.7615666587559462
0.008688273118260372
0.008569215588025128
0.008165155746294811
0.008281435160713174
0.00827540555871068
0.008234197370843504
0.008458079440407424
0.007774924336101244
0.38430609985750597
0.008268339171149306
0.008001498198656101
0.008232143613147285
