0.352686267197215
0.33619726476040324
0.3143288805699319
0.32013148742940656
0.3110672876507834
0.3045174772477685
0.0
0.3038711598833014
0.3325066345532108
0.3226818448983152
0.25705698388267534
0.3867291466667131
0.31465720161532607
0.3134534039214473
0.33736041463198274
0.37636947688590516
0.37396876372761007
0.0
0.32987602206799616
0.31356635158214985
0.36596488469608157
0.3400733468096683
0.3386623204741428
0.36330412973954695
0.341583055070293
0.40510588375753404
0.0
0.3468985490055655
0.3808844752020884
0.3441796819851231
