0.48631287412578983
0.49640384477863136
0.49459209353420835
0.0078314066692168
0.49156021570568853
0.020113902580415975
0.4963687795471671
0.020053616863839656
0.49933401661341315
0.4957044810008358
0.494761308890474
0.4870123158155599
0.483794076168765
0.48771792412487225
0.4975836020656319
0.4935957606461678
0.4960979691211122
0.4957339833118352
0.4910250163268152
0.4856134609541967
0.4980404784135458
0.49889714679799646
0.4939536021438592
0.4904245608807104
0.49764631444376894
0.484240173776562
0.4961926454097617
0.49515120606211843
0.49028982789079467
0.4923212505267009
