0.008419339584873453
0.38402479256629785
0.008169671286008793
0.3844525182354324
0.008590931622567318
0.008675544103879983
0.3837982867558299
0.3844685432829818
0.014823021152701222
0.387560073317369
0.009050556702487153
0.38795095944287106
0.00835298752979468
0.008036351919817953
0.3833601216979215
0.3840375199097599
0.009455945472575366
0.008182778294591138
0.008170581649482147
0.7581129068333669
0.3834236613891695
0.3914812140213708
0.38500058127206765
0.01018467976258686
0.38421263455195426
0.008658918186930797
0.008226211662789475
0.3845225367639258
0.014460156680080214
0.00850871052759668
