0.5203550658096113
0.5325987144168963
0.5203550658096113
0.5191919191919192
0.5999387817569636
0.5676767676767678
0.5917763493521069
0.5305581063156821
0.5305581063156821
0.7897153351698807
0.5353535353535354
0.7019691868176716
0.6570758085909602
1.0101010101010102
0.5111111111111111
0.5121926334047546
0.5555555555555556
0.5494949494949496
0.5428017549229671
0.6917661463116009
0.5171717171717172
0.5489235792266096
0.5795327007448219
13.878787878787879
0.5575757575757576
0.5244362820120396
0.5333333333333333
11.631466176920723
0.5232323232323233
0.5264768901132538
