0.40966412903837357
0.010907427739731048
0.4493397172377927
0.010910534839604486
0.4006602599126105
0.3993877573808092
0.01090109340903039
0.010955941782292306
0.2685769296006162
0.010860850234622011
0.38289467170626107
0.01078175931540406
0.41860983397950763
0.4427665051677538
0.010973268972640506
0.010957613802701792
0.3702976093141561
0.43758422612089304
0.424974635466473
0.005612131564198485
0.01094089624413553
0.010811413753010254
0.010860393325198493
0.345686637257616
0.010869332591156008
0.4029342778725758
0.4225883526074807
0.010938458492780028
0.273672236297049
0.423644953195886
