0.27767896287639177
0.3687904450071577
0.3463118069790859
0.0
0.30625941075895147
0.0
0.3534751659024693
0.0
0.39406224266952755
0.363689336998183
0.340516686093668
0.2843717864287194
0.2799067091690294
0.2939956446414971
0.3703462747050136
0.3414281577122106
0.3671608442346123
0.35549145160409307
0.3037708994856223
0.2830430619839863
0.37036830915006624
0.3872548564926894
0.3408819343315822
0.3075639570895156
0.3672593705651558
0.06184617896133045
0.36682568981314007
0.353168044077135
0.2927980550325209
0.3228722280451696
