0.013406051999393494
0.010698628418607466
0.011156946580598423
0.5938864013443718
0.010826368068201728
0.27644620277894555
0.010743723440102554
0.28209600833127124
0.010960637152231922
0.010785045754152142
0.01074229654087821
0.013056707021227555
0.013099095340929
0.012882034532144584
0.012445353309437161
0.011115624266548836
0.010960637152231922
0.01066107881200338
0.010960637152231922
0.012768516828532306
0.011156946580598423
0.010873300907690437
0.010873300907690437
0.011702995230834543
0.011652814349193462
0.019132153192168672
0.01091696902996118
0.010702401126052967
0.0127946982876031
0.010829632785419695
