0.06897424012929552
0.15213825024103522
0.059831047317971606
0.17422117522851713
0.03616840612681592
0.15365813015266996
0.043173875768861995
0.033331898508626105
0.17662956126638696
0.1382810395896501
0.18866597305545768
0.08814901632868664
0.06501266636194698
0.03158489127198473
0.17249658019046132
0.0648596111454478
0.1552419810320614
0.1766750640350342
0.15803535715370481
0.15547002370449337
0.03812431039037317
0.069307358466954
0.11081524117867243
0.03318549663862099
0.047685798351341034
0.05444600780325628
0.15695537561052417
0.15664789366898316
0.04754508658111942
0.029698001947450915
