0.056657689265697087
0.056182262982911915
0.05626703959083254
0.7661709743104275
0.05637749574246475
0.3883401086477617
0.05619129820160123
0.3896387482478952
0.056084432856567515
0.05620425340775839
0.05625056266720762
0.05662120453563401
0.056734479682268815
0.056582859131644785
0.05614189298201011
0.05628960402105313
0.056196923150476995
0.05620341727850296
0.056396376889860905
0.05666852155567129
0.05613074762252991
0.0560935807619642
0.056306742937684416
0.05644386283755658
0.05613961784167353
0.05182606006289464
0.05619599041129993
0.05623089875604901
0.05654625462376286
0.05634880181650852
