0.06814503647415288
1.8762362822257779
0.06845550513538343
0.06816155624164623
0.06976358236866098
0.06998376686208435
0.07056819798457296
0.06846554738026397
0.07228535278938061
1.8776018075752385
1.8797863025905286
0.07125869731864067
0.07259378593199653
0.06842107851187493
0.06833101612698261
0.06816980610113252
1.9245208340026985
0.06800230193909962
0.06849738619233255
0.06860779278531118
0.07042965420791313
0.06928749644838515
0.06844615083136033
0.0683760371301879
0.068277089621185
0.07181270326582322
0.06870904141259199
0.07238027245213624
0.06823602838505277
0.07188746500819765
