0.9837754592370709
0.614446208813021
0.9873713540726836
0.6015554512974124
0.9849505341224873
0.984978303078422
0.6495404020354398
0.688761593706016
0.9788792549126637
0.631512144068714
0.983630294489155
0.6619915911797608
0.9846909415713305
0.9859852520841605
0.6231036847233753
0.6620226280269946
0.9856922895088238
0.9855798603341874
0.9841004745750477
0.3363979212530224
0.5790874806019705
0.6183277996318887
0.6435739290483237
0.9841929544552313
0.6120935436139882
0.9840174022880654
0.9860684506838934
0.6253978851636652
0.9799604999415158
0.9858119360135699
