0.9859607059078279
0.9843728193005884
0.9826301634847883
0.9839167436572954
0.982473557327944
0.983059117976109
0.2931177595727019
0.9822378234508643
0.9834597405175214
0.9829954202605652
0.985270514995128
0.9921089158757082
0.9852089371684289
0.9821553827276337
0.9832817026958749
0.9866022194954707
0.9863382402829406
0.3211501678155111
0.9847977980078676
0.9825800461943771
0.9877341982749286
0.9838545418456097
0.9833841748168468
0.9861786369049768
0.9886281742394167
0.9905244090367753
0.6647847269840124
0.9840805424230394
0.9879031740589701
0.9838788101338914
