0.010401445109225433
0.010400140095430957
0.010402417064210107
0.01040340380941278
0.010403474370205877
0.01040593573384751
0.0766914492564126
0.010404319686391798
0.0104010376264046
0.010401661809006322
0.010419850739268743
0.010398907145448775
0.010403122096909837
0.010401616815086494
0.010401114056960486
0.010398822306785419
0.01040074130761655
0.07705253890441992
0.01040376884205033
0.01040276198593743
0.01040024767675582
0.010401046052392003
0.010401161210342518
0.01040144110337847
0.010402244727217586
0.010398289949502258
0.04017703484923924
0.010400856334700425
0.010401525956974274
0.010401154409329337
