0.07569384840572654
0.019525491238286046
0.09072018602800119
0.01134410928128008
0.13814941778218476
0.01873019133958461
0.16118899354635724
0.3513328379128906
0.01097553148882359
0.025633179078838372
0.004271687894463658
0.05425589207942714
0.08242050150953377
0.2797050604468452
0.011835066568091114
0.08254954291732447
0.01841206332762502
0.011054543311218358
0.018003624047351445
0.017717966466450283
0.2210181884258211
0.07542315762541263
0.0377379268355156
0.32420972804899323
0.13288964261052086
0.10540476530668048
0.018115601789876146
0.018038082788161915
0.13371255346383357
0.18170198420675085
