0.11744061243583517
0.1155568685750291
0.11613893403288786
3.691927626995618
0.116184178796887
1.8769403410241188
0.11579963127765297
1.879971500549643
0.11578609536297131
0.11554258719307524
0.11600564418060234
0.11737218659169472
0.11776680732414195
0.11707555417818247
0.11591708674371791
0.11578930528909848
0.11573276303095469
0.11561177850418528
0.11620383594703122
0.11798600162923041
0.11575564866492416
0.11564114674453307
0.1163300892335036
0.11638980052739328
0.1158819714416415
0.1265743303852559
0.11561998413748793
0.11573608259639542
0.11871892695835282
0.11587920161217334
