0.18796131001570893
0.04082917030810816
0.19175750862132593
0.04089106418143768
0.18966175725507292
0.18781767912413966
0.04105586124754939
0.04083848600578888
0.18482454442589866
0.040822590518922175
0.18686953967164674
0.04069565876644467
0.18966938355077878
0.1900360444602478
0.04088584342739675
0.0409361472933639
0.18657070154204378
0.19024509584983768
0.18886736622519606
0.03348313748236051
0.04085609557207687
0.040484400711856994
0.04083037526658793
0.18798476415505053
0.040912447271903185
0.18787287408461895
0.19046574268665487
0.04094725710153544
0.1863083727746826
0.1895064894286353
