7.07E-23 6.18E-23 8.34E-24 1.3E-21 1.8E-20 2.5E-19 3.46E-18 4.79E-17 6.64E-16 10.9 
7.39E-23 6.83E-22 7.44E-23 6.39E-21 5.94E-20 5.52E-19 5.13E-18 4.77E-17 4.44E-16 7.29 
6.37E-23 6.04E-22 6.41E-23 5.79E-21 5.52E-20 5.26E-19 5.01E-18 4.77E-17 4.55E-16 7.47 
6.66E-23 6.26E-22 6.69E-23 5.96E-21 5.64E-20 5.33E-19 5.05E-18 4.77E-17 4.52E-16 7.42 
6.77E-23 6.35E-22 6.81E-23 6.03E-21 5.69E-20 5.36E-19 5.06E-18 4.77E-17 4.5E-16 7.4 
6.8E-23 6.37E-22 6.84E-23 6.04E-21 5.7E-20 5.37E-19 5.06E-18 4.77E-17 4.5E-16 7.39 
8.83E-23 6.32E-24 6.33E-24 1.24E-21 1.74E-20 2.44E-19 3.42E-18 4.79E-17 6.72E-16 11.0 
9.97E-24 1.29E-22 1.0E-23 1.68E-21 2.19E-20 2.84E-19 3.69E-18 4.79E-17 6.22E-16 10.2 
9.73E-24 1.26E-22 9.75E-24 1.65E-21 2.16E-20 2.82E-19 3.67E-18 4.79E-17 6.25E-16 10.2 
9.93E-24 1.29E-22 9.95E-24 1.68E-21 2.18E-20 2.84E-19 3.69E-18 4.79E-17 6.23E-16 10.2 
