6.42E-23 6.1E-23 1.24E-21 8.88E-23 1.74E-20 2.44E-19 3.42E-18 4.79E-17 6.72E-16 11.0 
7.68E-24 1.04E-22 1.41E-21 1.05E-22 1.92E-20 2.6E-19 3.53E-18 4.79E-17 6.5E-16 10.6 
4.18E-23 4.26E-22 4.35E-21 4.3E-22 4.47E-20 4.57E-19 4.67E-18 4.78E-17 4.89E-16 8.02 
4.38E-23 4.42E-22 4.49E-21 4.46E-22 4.57E-20 4.64E-19 4.71E-18 4.78E-17 4.85E-16 7.96 
8.83E-23 6.32E-24 1.24E-21 8.88E-23 1.74E-20 2.44E-19 3.42E-18 4.79E-17 6.72E-16 11.0 
4.25E-23 4.32E-22 4.4E-21 4.36E-22 4.51E-20 4.6E-19 4.69E-18 4.78E-17 4.87E-16 7.99 
4.32E-23 4.38E-22 4.45E-21 4.42E-22 4.55E-20 4.62E-19 4.7E-18 4.78E-17 4.86E-16 7.97 
4.45E-23 4.48E-22 4.54E-21 4.53E-22 4.61E-20 4.67E-19 4.72E-18 4.78E-17 4.83E-16 7.93 
4.43E-23 4.47E-22 4.52E-21 4.51E-22 4.6E-20 4.66E-19 4.72E-18 4.78E-17 4.84E-16 7.94 
4.11E-23 4.2E-22 4.3E-21 4.24E-22 4.43E-20 4.55E-19 4.66E-18 4.78E-17 4.9E-16 8.04 
7.62E-24 1.03E-22 1.4E-21 1.04E-22 1.91E-20 2.6E-19 3.53E-18 4.79E-17 6.51E-16 10.7 
4.2E-23 4.27E-22 4.36E-21 4.31E-22 4.48E-20 4.58E-19 4.68E-18 4.78E-17 4.88E-16 8.01 
7.74E-24 1.05E-22 1.42E-21 1.05E-22 1.93E-20 2.61E-19 3.54E-18 4.79E-17 6.49E-16 10.6 
