6.12E-24 5.88E-23 5.68E-22 5.48E-21 5.3E-20 5.12E-19 4.94E-18 4.77E-17 4.61E-16 7.57 
9.16E-25 1.03E-23 1.33E-22 1.71E-21 2.22E-20 2.87E-19 3.71E-18 4.79E-17 6.19E-16 10.1 
6.32E-24 4.52E-25 8.86E-23 1.24E-21 1.74E-20 2.44E-19 3.42E-18 4.79E-17 6.72E-16 11.0 
6.87E-24 6.49E-23 6.16E-22 5.86E-21 5.56E-20 5.29E-19 5.02E-18 4.77E-17 4.54E-16 7.45 
6.78E-24 6.42E-23 6.11E-22 5.81E-21 5.53E-20 5.27E-19 5.01E-18 4.77E-17 4.54E-16 7.46 
5.92E-24 5.71E-23 5.54E-22 5.38E-21 5.22E-20 5.07E-19 4.92E-18 4.78E-17 4.63E-16 7.61 
5.91E-24 5.7E-23 5.54E-22 5.38E-21 5.22E-20 5.07E-19 4.92E-18 4.78E-17 4.64E-16 7.61 
6.25E-24 5.98E-23 5.76E-22 5.55E-21 5.34E-20 5.15E-19 4.96E-18 4.77E-17 4.6E-16 7.55 
7.79E-25 1.01E-23 1.31E-22 1.69E-21 2.2E-20 2.85E-19 3.69E-18 4.79E-17 6.21E-16 10.2 
5.94E-24 5.73E-23 5.56E-22 5.39E-21 5.23E-20 5.08E-19 4.92E-18 4.78E-17 4.63E-16 7.6 
7.71E-25 9.98E-24 1.3E-22 1.68E-21 2.19E-20 2.84E-19 3.69E-18 4.79E-17 6.22E-16 10.2 
