0.32579822183903423
0.32579822183903423
0.32579822183903423
0.32579822183903423
0.32579822183903423
0.32579822183903423
0.37316796584183687
0.32579822183903423
0.32579822183903423
0.32579822183903423
0.32579822183903423
0.32579822183903423
0.3719831522839781
0.327257634517363
0.32579822183903423
0.32579822183903423
0.32579822183903423
0.32579822183903423
0.3257982218390341
0.327257634517363
0.32579822183903423
0.32579822183903423
0.37671077546470805
0.32579822183903423
0.32579822183903423
0.32579822183903423
0.32579822183903423
0.32579822183903423
0.33903682825972914
0.32579822183903423
