0.32579822183903423
0.3639476555744655
0.35782188491096373
0.32579822183903423
0.32579822183903423
0.34051976431380643
0.32579822183903423
0.32579822183903423
0.32579822183903423
0.3639476555744655
0.33018627234454273
0.32579822183903423
0.32579822183903423
0.38081789141878714
0.3772993601088675
0.3661852162410818
0.32579822183903423
0.3558779653362055
0.32579822183903423
0.32579822183903423
0.32579822183903423
0.32579822183903423
0.32579822183903423
0.32579822183903423
0.32579822183903423
0.33460002755275864
0.32579822183903423
0.36707923209315174
0.32579822183903423
0.35483140187624884
