25.746774946244138
25.746774946244138
23.197857127135286
20.896407057454468
25.746774946244138
20.797419957683253
25.746774946244138
25.746774946244138
25.746774946244138
23.049376477478457
25.746774946244138
25.746774946244138
25.746774946244138
18.718690862487684
25.746774946244138
21.119128031939713
25.746774946244138
23.767032950819782
23.767032950819782
25.746774946244138
25.746774946244138
25.746774946244138
25.746774946244138
25.746774946244138
18.14951503880318
25.25183944738805
25.746774946244138
25.746774946244138
25.746774946244138
25.746774946244138
