2.47732795878115
2.47732795878115
2.47732795878115
2.47732795878115
1.5295405312628336
2.47732795878115
2.47732795878115
1.7968002372528886
2.47732795878115
2.47732795878115
2.47732795878115
2.2298627262226884
2.47732795878115
1.5419136239899103
2.175420451896078
2.47732795878115
2.47732795878115
1.6062537793668752
2.47732795878115
2.47732795878115
2.47732795878115
2.47732795878115
1.8933110656805945
1.8066987759220319
2.47732795878115
2.47732795878115
2.47732795878115
2.47732795878115
2.47732795878115
2.47732795878115
