0.09399669686970478
0.1086520264763261
0.1086520264763261
0.1086520264763261
0.1086520264763261
0.1086520264763261
0.1086520264763261
0.1086520264763261
0.1086520264763261
0.07244288335750225
0.1086520264763261
0.1086520264763261
0.1086520264763261
0.1086520264763261
0.1086520264763261
0.1086520264763261
0.1086520264763261
0.1086520264763261
0.1086520264763261
0.1086520264763261
0.1086520264763261
0.1086520264763261
0.1086520264763261
0.1086520264763261
0.1086520264763261
0.1086520264763261
0.09184507977028522
0.08492286078249794
0.08446664610533293
0.07666786198550954
