0.09574043200491211
0.09574043200491211
0.09574043200491211
0.09574043200491211
0.09574043200491211
0.09574043200491211
0.06523199296687839
0.09574043200491211
0.09574043200491211
0.09574043200491211
0.09574043200491211
0.09574043200491211
0.06599709029680857
0.0947840506367497
0.09574043200491211
0.09574043200491211
0.09574043200491211
0.09574043200491211
0.09574043200491211
0.0947840506367497
0.09574043200491211
0.09574043200491211
0.06293670313219557
0.09574043200491211
0.09574043200491211
0.09574043200491211
0.09574043200491211
0.09574043200491211
0.0871330066148013
0.09574043200491211
