0.35214170332877404
0.32579822183903423
0.32579822183903423
0.32579822183903423
0.32579822183903423
0.32579822183903423
0.32579822183903423
0.32579822183903423
0.32579822183903423
0.3946084098132652
0.32579822183903423
0.32579822183903423
0.32579822183903423
0.32579822183903423
0.32579822183903423
0.32579822183903423
0.32579822183903423
0.32579822183903423
0.32579822183903423
0.32579822183903423
0.32579822183903423
0.32579822183903423
0.32579822183903423
0.32579822183903423
0.32579822183903423
0.32579822183903423
0.35617705680759415
0.3694599254770246
0.3703512748320522
0.3859070741405717
