0.218591281279017
0.218591281279017
0.218591281279017
0.218591281279017
0.324866520065969
0.218591281279017
0.218591281279017
0.2845939463869657
0.218591281279017
0.218591281279017
0.218591281279017
0.23809707148044165
0.218591281279017
0.3227299764282272
0.24298178284370972
0.218591281279017
0.218591281279017
0.3120997235763758
0.218591281279017
0.218591281279017
0.218591281279017
0.218591281279017
0.2725365401161017
0.28330429517667016
0.218591281279017
0.218591281279017
0.218591281279017
0.218591281279017
0.218591281279017
0.218591281279017
