2.03684026933377
2.47732795878115
2.47732795878115
2.47732795878115
2.47732795878115
2.47732795878115
2.47732795878115
2.47732795878115
2.47732795878115
1.321673398559558
2.47732795878115
2.47732795878115
2.47732795878115
2.47732795878115
2.47732795878115
2.47732795878115
2.47732795878115
2.47732795878115
2.47732795878115
2.47732795878115
2.47732795878115
2.47732795878115
2.47732795878115
2.47732795878115
2.47732795878115
2.47732795878115
1.9700249124896752
1.7497822050411944
1.7349344148558687
1.472624368509558
