0.40126153992995206
0.40126153992995206
0.40126153992995206
0.40126153992995206
0.25930526073724514
0.40126153992995206
0.40126153992995206
0.2989178747348973
0.40126153992995206
0.40126153992995206
0.40126153992995206
0.36387087155685666
0.40126153992995206
0.2611280920033789
0.35566743752386293
0.40126153992995206
0.40126153992995206
0.2706259716263961
0.40126153992995206
0.40126153992995206
0.40126153992995206
0.40126153992995206
0.3133253001210003
0.3003933921000366
0.40126153992995206
0.40126153992995206
0.40126153992995206
0.40126153992995206
0.40126153992995206
0.40126153992995206
