2.465542667379214
2.465542667379214
2.211979808034684
1.9830487517243651
2.465542667379214
1.9732026283582482
2.465542667379214
2.465542667379214
2.465542667379214
2.1972096109866612
2.465542667379214
2.465542667379214
2.465542667379214
1.766442952463023
2.465542667379214
2.0052026535993654
2.465542667379214
2.2685994009948085
2.2685994009948085
2.465542667379214
2.465542667379214
2.465542667379214
2.465542667379214
2.465542667379214
1.7098336263008582
2.4163061106460124
2.465542667379214
2.465542667379214
2.465542667379214
2.465542667379214
