25.746774916154212
25.746774916154212
25.746774916154212
25.746774916154212
25.746774916154212
25.746774916154212
17.85255371869044
25.746774916154212
25.746774916154212
25.746774916154212
25.746774916154212
25.746774916154212
18.05052791799988
25.499307167017417
25.746774916154212
25.746774916154212
25.746774916154212
25.746774916154212
25.746774916154212
25.499307167017417
25.746774916154212
25.746774916154212
17.258631120762136
25.746774916154212
25.746774916154212
25.746774916154212
25.746774916154212
25.746774916154212
23.519565173923052
25.746774916154212
