25.746774946244138
19.3868537859434
20.40147155859838
25.746774946244138
25.746774946244138
23.272097451963695
25.746774946244138
25.746774946244138
25.746774946244138
19.3868537859434
25.004371697960003
25.746774946244138
25.746774946244138
16.565721442463698
17.159644041091003
19.015652161801334
25.746774946244138
20.72317963285484
25.746774946244138
25.746774946244138
25.746774946244138
25.746774946244138
25.746774946244138
25.746774946244138
25.746774946244138
24.261968449675873
25.746774946244138
18.86717151214451
25.746774946244138
20.896407057454468
