0.7757111459068115
0.9375293277249938
0.9375293277249938
0.9375293277249938
0.9375293277249938
0.9375293277249938
0.9375293277249938
0.9375293277249938
0.9375293277249938
0.5129838731795393
0.9375293277249938
0.9375293277249938
0.9375293277249938
0.9375293277249938
0.9375293277249938
0.9375293277249938
0.9375293277249938
0.9375293277249938
0.9375293277249938
0.9375293277249938
0.9375293277249938
0.9375293277249938
0.9375293277249938
0.9375293277249938
0.9375293277249938
0.9375293277249938
0.7511656913613567
0.6702566004522661
0.6648020549977207
0.5684384186340846
