0.1086520264763261
0.1086520264763261
0.1086520264763261
0.1086520264763261
0.0783145569087494
0.1086520264763261
0.1086520264763261
0.0863767944771959
0.1086520264763261
0.1086520264763261
0.1086520264763261
0.10032668434017751
0.1086520264763261
0.0786761116506101
0.09852529329567714
0.1086520264763261
0.1086520264763261
0.0805757943142212
0.1086520264763261
0.1086520264763261
0.1086520264763261
0.1086520264763261
0.08940282852255117
0.08668463223978175
0.1086520264763261
0.1086520264763261
0.1086520264763261
0.1086520264763261
0.1086520264763261
0.1086520264763261
