0.4987140641434512
0.5688117513355514
0.4775927016601265
0.4358176763060005
0.4337227313363172
0.49106835921633574
0.4921282990420877
0.36632178312326974
0.5039751215933994
0.3741321709008301
0.43372286182224223
0.5477813588929147
0.4968581558332714
0.5489770721688795
0.4986509108621941
0.43372273759500546
0.5587080230153761
0.3782010387400151
0.5534062281588977
0.43389491082248804
0.43613004277425466
0.5468583286537763
0.4885541698771532
0.5728369100172878
0.4773617194379062
0.4765721302093898
0.5623758757649324
0.5021935815801634
0.5720383511784692
0.37609075042774526
