2.5542779390957362E-5
0.01045940629573695
8.517301690446694E-6
3.8837374761704905E-8
0.0
1.3582054302801535E-5
5.0645380713883034E-5
6.924383997388306E-4
1.0563035385773794E-4
0.0022532911704358977
0.0
0.0012608153564712928
1.034544476921291E-4
0.0011923798681554457
6.378788450391345E-5
0.0
0.0015779461311631344
0.0018003608127693796
0.0010777136561496243
0.0
2.188347928790119E-8
0.0010497979962964575
1.350600696627967E-5
0.007213010632219912
2.5529090870383653E-6
3.971467904937142E-6
0.0011332766904948621
8.65749453523183E-5
0.0024984131055365406
0.002039865009709476
