0.004804793769465711
0.003903961371676121
0.00401097092636672
0.0034046964245220417
0.004804793769465713
0.0033377326453525595
0.004033106595331523
0.003421310150171263
0.0039265477183732245
0.0038141219690496285
0.0039270518156080125
0.00331267332696866
0.0033242975353353584
0.0039899126193817976
0.0035998381210267565
0.003884044371559733
0.003547063115756927
0.003832143322704976
0.004237807502265466
0.004212989378916786
0.003267797310329453
0.004804793769465711
0.0033394127576109383
0.00364282749070002
0.0039053716488425504
0.0034245642346185045
0.004076217008747037
0.004054409045524166
0.004236884419192894
0.0040999105049299555
