0.6685528519403153
0.6238897610670244
0.7061638758336127
0.757879033686897
0.7602297226802281
0.6826569859003019
0.6803062969069708
0.9482848421467159
0.6638514739536531
0.9412327751667225
0.7602297226802281
0.6097856271070379
0.6709035409336463
0.6262404500603554
0.6685528519403153
0.7602297226802281
0.6356432060336799
0.9271286412067361
0.6332925170403488
0.7602297226802281
0.757879033686897
0.616837694087031
0.6873583638869641
0.5862787371737268
0.7061638758336127
0.708514564826944
0.6262404500603554
0.6638514739536531
0.616837694087031
0.9435834641600538
