0.884818485747026
0.8287044147007052
0.9320724403123485
0.9970466278396674
1.0
0.9025387187090219
0.8995853465486894
1.2362697728266134
0.8789117414263605
1.2274096563456154
1.0
0.8109841817387093
0.8877718579073587
0.8316577868610379
0.884818485747026
1.0
0.8434712755023686
1.2096894233836195
0.8405179033420359
1.0
0.9970466278396674
0.8198442982197072
0.9084454630296874
0.7814504601353826
0.9320724403123485
0.9350258124726814
0.8316577868610379
0.8789117414263605
0.8198442982197072
1.2303630285059481
