0.08896579238856604
0.07323437282996804
0.07497820930567693
0.07144304837664878
0.08778130427986187
0.0813294815219146
0.08654077998846355
0.08800138151193387
0.07384050553886405
0.08869962302940337
0.07191690527537557
0.09036995940140795
0.0897783529608751
0.09392480039188618
0.07533307761476285
0.08411808400372683
0.07171686420061944
0.07154520109094545
0.08155644902984198
0.07487430590406281
0.07207338525596989
0.07376872267611642
0.07288628326414474
0.08735310689311811
0.08146215323559483
0.0694793481586818
0.06714269520158374
0.08110739803612771
0.0739027815424998
0.0852612098437931
