0.0179931791593195
0.011650851475943337
0.015602978644325513
0.015508113318049428
0.014842757024339761
0.012327370228599576
0.014326813684724339
0.014363533382797215
0.0179931791593195
0.01261040105282392
0.013236440468927652
0.015675690992367833
0.01453931958766042
0.012664965276112414
0.01576404039958647
0.01276036685240833
0.017993179163552666
0.015006697564924003
0.012695488510191867
0.012404142312586802
0.015251566722247221
0.017993179159320725
0.012495532453019181
0.013353311886662922
0.01294870407065303
0.017993179159319993
0.015337058067583205
0.014539502316330399
0.0179931791593195
0.012700232379550173
