0.0432673689692948
0.13484150179608292
0.11084890679306822
0.11939571939752093
0.03817079251406522
0.07791677929496892
0.06388672456874482
0.0510996180464276
0.1167111041192121
0.04620488218617425
0.11839292478125008
0.02975786911890906
0.03537606235560784
0.0
0.11433863173536302
0.06399941856557056
0.14118296853582477
0.1250193582110758
0.07754867510066435
0.11592284315540832
0.12204759116320402
0.11987295443148174
0.12187752638427565
0.040794940953444596
0.07793876316790375
0.15260051423099666
0.16346195891233864
0.07802880087519759
0.1295408028945625
0.07371427012903711
