1.001526316068607
0.782643901065021
0.9246216837700499
0.9216638132970285
0.8980008495128571
0.8092647353222139
0.877295756201707
0.877295756201707
1.001526316068607
0.8240540876873212
0.8447591809984711
0.9275795542430713
0.8861693676207713
0.8240540876873212
0.9305374247160927
0.8240540876873212
1.001526316068607
0.9039165904588998
0.8240540876873212
0.8122226057952355
0.9127902018779641
1.001526316068607
0.8151804762682568
0.8506749219445141
0.829969828633364
1.001526316068607
0.9157480723509855
0.8861693676207713
1.001526316068607
0.8240540876873212
