0.03944738276604358
0.03457721959659639
0.043271467532726565
0.049155059653411826
0.049435167757915774
0.04082023784762164
0.04066486872117648
0.07340625998172631
0.039220188091483955
0.07243294984899411
0.049435167757915774
0.03347442122582607
0.03980744931594358
0.03490254098437605
0.039584779857749594
0.049435167757915774
0.03574976230854439
0.07105327737612752
0.03581386694446456
0.049435167757915774
0.049155056924860406
0.034057153189883005
0.0412990079133262
0.0313698947171851
0.043273910842821735
0.0435504120590666
0.03485917150461787
0.03927421546922668
0.03403039014830589
0.0726999896748298
