0.4615250789545264
0.5263716405237632
0.44022422073316814
0.40242208007531577
0.4003760737764466
0.45299681172289746
0.45406951180170707
0.3634576863660116
0.4662498011168975
0.370294555951578
0.40037620555580794
0.49890886397091116
0.4596761213901737
0.5028036509002622
0.460629510056524
0.4003760808457043
0.5081238180646438
0.37029817755574485
0.4971468508930554
0.40055648909147346
0.4025887699218107
0.4972071325117816
0.45075988442038495
0.5164098027947607
0.43875354252815396
0.4365552818676923
0.5063061281990967
0.4643715584683817
0.5247808074859911
0.3721843795011867
