0.415322581420891
0.4788910521167963
0.471779213844706
0.5562155567186184
0.4153233949419833
0.5356464820233725
0.4701240964798766
0.5397109065985496
0.47517536391027454
0.49242051850321755
0.4769979823781331
0.507510899584083
0.5360309834080054
0.47322890022006375
0.5084367113877161
0.479661684630654
0.5284936327316807
0.48899860308158877
0.45590603071617763
0.45887663588432887
0.5575521035511697
0.41532258142087486
0.5394301676340024
0.5107864350396522
0.4780148699778789
0.5128779817824646
0.4672503078038757
0.46741171572521084
0.457618884950885
0.46381570647281517
