2.563124286340201E-5
0.0029176011172094103
5.496721363124408E-4
0.003195304867490858
1.681406610498001E-5
4.460176287006223E-5
7.385708313058507E-5
5.130525538116489E-5
0.0010774270190211553
4.87696258726281E-5
0.0023977982300815138
1.2403199764649873E-5
3.037714700980193E-5
5.5600550669120256E-6
0.001420727632458227
2.504999265029537E-5
0.0034155458696413146
0.005256404969394067
4.9169165901563534E-5
0.002273316007266142
0.001132920141871646
0.0018811057927443798
0.0032092466177736515
1.0854996815128177E-5
4.198497402034559E-5
0.0033862502879658625
0.005515119272082477
4.6773674801125216E-5
0.0027501499788809306
5.4769597384394803E-5
