1.0002982501991868
0.7816537615134883
0.9234772136339415
0.9205225583814322
0.8968853163613566
0.8082456587860732
0.8762027295937904
0.8762027295937904
1.0002982501991868
0.8230189350486207
0.8437015218161865
0.9264318688864509
0.8850666953513189
0.8230189350486207
0.9293865241389603
0.8230189350486207
1.0002982501991868
0.9027946268663753
0.8230189350486207
0.8112003140385828
0.9116585926239038
1.0002982501991868
0.8141549692910922
0.8496108323212056
0.8289282455536394
1.0002982501991868
0.9146132478764132
0.8850666953513189
1.0002982501991868
0.8230189350486207
