0.5372349338694881
0.5350418533974445
0.5465011670811692
0.51508877413563
0.5119750545563888
0.5338272991897782
0.5358028793955824
0.5314606046063761
0.523421211610498
0.5191999283064257
0.5246932919590328
0.5500999530865166
0.54435018149116
0.5330108369692566
0.5433139684640451
0.5546503169390586
0.55022875870409
0.5325121078265136
0.5149070479740955
0.5377232742576651
0.2883918044646823
0.5242808191337662
0.5295947414416812
0.5357031504944458
0.5152698202894225
0.3862631167053052
0.5158562803836302
0.5541239893150964
0.5403727820616393
0.5222214592021105
