0.049435167757915774
0.03126764944693578
0.0425282989187592
0.04226688235901955
0.0404337482009401
0.03315413395415246
0.03884863346775113
0.03893196083500107
0.049435167757915774
0.03402108109676752
0.03574525235130517
0.04276383450988829
0.03946102458537292
0.0341287337938453
0.043017673503694
0.0344485991436129
0.049435167757915774
0.04082222384141077
0.034184646169953814
0.033480328595330094
0.04153448474771926
0.049435167757915774
0.03376405806398874
0.036149486243678274
0.03488409764782625
0.049435167757915774
0.041819717613719797
0.03945459350028257
0.049435167757915774
0.034280962709865324
