0.3207902630814536
0.2964132453955098
0.32990941323760786
0.3215942935209766
0.3395863032610328
0.30844855122073117
0.3074208970261315
0.3106569569385228
0.32729120607550716
0.039281902921642645
0.3158926974913419
0.3007373256360467
0.27670468412247184
0.2931273412403928
0.31534936193722846
0.3079643386360402
0.31801616572518093
0.3234650428010548
0.31108588225584277
0.29619210050376865
0.27006323754260925
0.31613850942739613
0.3210805711119656
0.3152033039613441
0.30368714576368444
0.3108862374008916
0.16305818683851586
0.27989942121378525
0.3271185754297246
0.3043536345646435
