0.23977027731975664
0.30951970621896463
0.2997568461372709
0.33791289407144504
0.2397701925188929
0.32580929664606956
0.29177469604252193
0.3225240042662571
0.29095032748763355
0.32335347370847234
0.2992019654764567
0.30191361688879
0.33607945222721014
0.3075701701146098
0.300675759380537
0.3030700154530646
0.3157626035792089
0.30713639395130776
0.2659610624197157
0.2828184236810569
0.3482928522129487
0.23977027731977185
0.35085201630046303
0.3019411547139886
0.303609635087001
0.30686208084057054
0.29257474444709475
0.2858947281361831
0.2755192923914551
0.27762109134283175
