0.008409567381692545
0.007199381844242596
0.008905803658026509
0.009726719080335188
0.009767608254679573
0.008593257498804087
0.008514822078364974
0.009786448956525244
0.008247697357929988
0.00955866304072323
0.00976760583452703
0.00735102730957713
0.008375980593005221
0.007467472676543199
0.008353194303816524
0.00976760813057912
0.007525827925470333
0.009276242727985025
0.007555295917059547
0.009764318366703955
0.009722358409076606
0.007389138782194156
0.008655445978904512
0.006839004848609606
0.008906358242349435
0.008897641876281915
0.007377564738958685
0.008257864695325376
0.006705361734925729
0.009403539904436608
