0.002594969028118734
0.0035972734187094428
0.005726590855078132
2.957164504222168E-4
8.319812298296628E-4
0.003223271082679907
0.002224906385130554
0.0017400278454597071
9.878852578146283E-4
6.442248674625922E-4
0.001135468970357861
0.0060763196345656615
0.005359383351482386
0.0027224732441253744
0.004383877658617148
0.005485025457556892
0.0037143256682107533
0.002868506428298023
0.0014268740804334748
0.0027734390396289264
0.01924978903594657
0.0023603716018785843
0.0025273700290873082
0.0022713907698165676
0.0010755769309490587
0.0018152097752612536
6.493443520193183E-4
0.005166025325423436
0.005287860312761248
8.608255650487799E-4
