0.03234641835667617
0.027657146810878407
0.034299898308971656
0.037540897442502136
0.037702556621922304
0.03307056676162788
0.03298096306069563
0.037398416187899526
0.03197896482555501
0.03652568105522197
0.037702547271514814
0.028335531208157568
0.032460431997946244
0.02878088934188816
0.032376377208556795
0.03770255612471661
0.02902111676049703
0.03548653818955174
0.029199044014348488
0.03768974390242016
0.03752802681971489
0.028490551460679685
0.03331522641309647
0.026372387976552655
0.03430306185733835
0.03441742227474665
0.028468146485441888
0.03201830337518816
0.0258893222620572
0.0359435648775859
