0.5521407444581856
0.5759300893007144
0.6002650527013954
0.5887489937511516
0.5442313469802625
0.5662739002834473
0.5911508464126471
0.587059999305727
0.5558602998014422
0.7838229185660349
0.5870100020586104
0.6076507926317375
0.7122551166755247
0.6910268359676099
0.5693097577725372
0.5379924841527739
0.5592570646879421
0.5719584686951887
0.5876344037248181
0.6074116800254665
0.7429987101601061
0.5513549039489581
0.5890031418373682
0.5740520912756184
0.5876242008356609
0.5739669496550502
0.5029574653959432
0.6066784056854483
0.5784100962557138
0.5888319898906409
