0.29804821182444124
0.34820142466168813
0.27483764237273095
0.24207230321819326
0.2397702771909091
0.28594962373140276
0.29671990645400104
0.03929512287100968
0.3140134955561611
0.04762454557543778
0.23977015937800827
0.31127919280930477
0.31357628679874966
0.30461241354873375
0.3030673032361121
0.23977027533504805
0.3183278150202435
0.05589312020204516
0.31371554058294987
0.23973674091519062
0.24143706748183508
0.31425040727905484
0.28502007361189996
0.367027410555023
0.26527557417908804
0.2631538391659753
0.3134408643713538
0.30732517374010726
0.2956489832193828
0.04583422676565147
